0.118108 0.140361 0.74133 9.9982E-005 9.9982E-005
0.148362 0.139554 0.711885 9.9982E-005 9.9982E-005
0.0945651 0.0602747 0.624783 0.204951 0.0154264
0.0618767 0.0537664 0.774257 0.0992479 0.0108516
0.0794144 0.103044 0.754787 0.0532243 0.00953085
0.0835409 0.120528 0.795731 9.9982E-005 9.9982E-005
0.131458 0.131557 0.736785 9.9982E-005 9.9982E-005
0.102502 0.152202 0.641353 0.103843 9.9991E-005
0.107204 0.153683 0.663308 0.0571975 0.018608
0.173627 0.0829381 0.660043 0.083292 9.9991E-005
0.176074 0.0677749 0.747371 9.9991E-005 0.00868028
0.0108319 0.00379535 0.0115228 9.9991E-005 0.97375
9.997E-005 9.997E-005 9.997E-005 9.997E-005 0.9996
0.0401417 0.0369963 9.9991E-005 0.00401097 0.918751
0.000177337 9.9991E-005 0.0178407 0.022269 0.959613
9.997E-005 9.997E-005 9.997E-005 9.997E-005 0.9996
0.0317675 0.0443858 0.10577 0.0941977 0.723879
9.997E-005 9.997E-005 9.997E-005 9.997E-005 0.9996
9.997E-005 9.997E-005 9.997E-005 9.997E-005 0.9996
9.9982E-005 0.0166333 0.15945 0.823717 9.9982E-005
0.000897462 0.0855266 0.158632 0.741143 0.0138005
9.999E-005 0.0244487 0.191107 0.778675 0.0056698
0.154273 0.0280204 0.19157 0.626036 9.9991E-005
0.16791 0.110506 0.0433443 0.651245 0.0269954
0.0369559 0.0857193 0.356177 0.519849 0.00129855
9.997E-005 0.9996 9.997E-005 9.997E-005 9.997E-005
0.0310619 0.840678 0.00370535 0.120385 0.00416938
9.9973E-005 0.991826 9.9973E-005 0.00787418 9.9973E-005
9.9991E-005 0.861803 0.00403542 0.109926 0.024136
0.0510077 0.163908 0.784884 9.9982E-005 9.9982E-005
9.9982E-005 0.986473 9.9982E-005 0.00724929 0.00607745
9.9973E-005 0.996015 9.9973E-005 9.9973E-005 0.0036851
0.0148548 0.96719 9.9991E-005 0.0142301 0.0036256
0.0128609 0.873065 9.9982E-005 0.113874 9.9982E-005
9.9982E-005 0.973749 0.0106391 0.0154116 9.9982E-005
0.00363924 0.572012 0.424148 9.9982E-005 9.9982E-005
9.9982E-005 9.9982E-005 0.962474 0.027676 0.00965032
9.9991E-005 0.0296355 0.826112 0.128905 0.0152474
9.9982E-005 9.9982E-005 0.771298 0.224868 0.00363402
0.0258562 9.9991E-005 0.721994 0.247244 0.0048059
0.0595567 9.9991E-005 0.843032 0.081338 0.0159737
9.9973E-005 9.9973E-005 0.842116 0.157584 9.9973E-005
9.9982E-005 9.9982E-005 0.87911 0.118245 0.00244539
9.9973E-005 9.9973E-005 0.877902 0.121798 9.9973E-005
9.9982E-005 9.9982E-005 0.882762 0.0934749 0.0235628
0.0288609 9.9982E-005 0.895986 0.0749529 9.9982E-005
9.9982E-005 9.9982E-005 0.880098 0.114847 0.00485544
0.222728 0.20418 0.339505 0.225737 0.00784964
0.613765 0.0647858 0.141471 0.154494 0.0254852
0.9996 9.997E-005 9.997E-005 9.997E-005 9.997E-005
0.662396 0.060064 0.113632 0.163807 9.9991E-005
0.9996 9.997E-005 9.997E-005 9.997E-005 9.997E-005
0.9996 9.997E-005 9.997E-005 9.997E-005 9.997E-005
0.9996 9.997E-005 9.997E-005 9.997E-005 9.997E-005
0.80783 0.0718799 0.106533 9.9991E-005 0.0136572
0.677262 0.0558474 0.119232 0.147559 9.9991E-005
9.997E-005 9.997E-005 9.997E-005 0.9996 9.997E-005
0.0269257 0.0435749 0.0623454 0.849848 0.0173056
0.00676367 9.9982E-005 9.9982E-005 0.979514 0.0135228
9.997E-005 9.997E-005 9.997E-005 0.9996 9.997E-005
9.997E-005 9.997E-005 9.997E-005 0.9996 9.997E-005
9.9973E-005 9.9973E-005 9.9973E-005 0.990816 0.0088841
0.0308866 0.0199017 9.9991E-005 0.936824 0.0122875
9.9973E-005 0.00185119 9.9973E-005 0.997849 9.9973E-005
0.023378 9.9973E-005 9.9973E-005 0.976322 9.9973E-005
9.997E-005 9.997E-005 9.997E-005 0.9996 9.997E-005
0.00531675 0.00440861 9.9982E-005 0.990075 9.9982E-005
