9.999E-005 0.9998 9.999E-005
9.999E-005 0.9998 9.999E-005
0.218004 0.759914 0.0220823
0.108823 0.873049 0.0181278
0.0802082 0.908884 0.0109081
9.999E-005 0.999415 0.000484803
9.999E-005 0.9998 9.999E-005
0.166852 0.833048 9.9991E-005
0.121111 0.856949 0.0219406
0.1592 0.839359 0.00144111
0.0108215 0.971674 0.0175044
0.0037113 0.0159859 0.980303
9.999E-005 9.999E-005 0.9998
0.0401923 0.0325038 0.927304
0.0140651 0.020497 0.965438
9.999E-005 9.999E-005 0.9998
0.120926 0.143026 0.736048
9.999E-005 9.999E-005 0.9998
9.999E-005 9.999E-005 0.9998
0.839973 0.159927 9.9991E-005
0.766966 0.214281 0.018753
0.788252 0.20102 0.0107279
0.713534 0.282019 0.00444696
0.779222 0.190594 0.0301839
0.554007 0.445893 9.9991E-005
0.360101 0.639799 9.9991E-005
0.407415 0.592485 9.9991E-005
0.360587 0.639313 9.9991E-005
0.392081 0.596925 0.0109933
9.999E-005 0.9998 9.999E-005
0.324281 0.675619 9.9991E-005
0.301054 0.698846 9.9991E-005
0.326807 0.673093 9.9991E-005
0.444305 0.555595 9.9991E-005
0.312572 0.687328 9.9991E-005
0.0798895 0.920011 9.9991E-005
0.0103299 0.954107 0.0355633
0.107397 0.866158 0.0264442
0.232333 0.742618 0.0250497
0.248279 0.736706 0.0150152
0.086166 0.884024 0.0298097
0.135052 0.863199 0.00174983
0.0991514 0.878795 0.0220537
0.112379 0.881289 0.0063317
0.0699882 0.893647 0.0363645
0.0668684 0.919658 0.0134736
0.0980948 0.87463 0.0272752
0.396286 0.599517 0.00419776
0.442964 0.532134 0.0249022
0.450863 0.546452 0.00268516
0.463869 0.536031 9.9991E-005
0.47728 0.520334 0.0023861
0.477486 0.522414 9.9991E-005
0.452253 0.547647 9.9991E-005
0.345883 0.645994 0.00812314
0.460534 0.539366 9.9991E-005
0.9998 9.999E-005 9.999E-005
0.894236 0.0911523 0.0146117
0.986484 9.9991E-005 0.0134158
0.9998 9.999E-005 9.999E-005
0.9998 9.999E-005 9.999E-005
0.992507 9.9991E-005 0.00739289
0.974422 0.00713507 0.0184433
0.9998 9.999E-005 9.999E-005
0.9998 9.999E-005 9.999E-005
0.9998 9.999E-005 9.999E-005
0.9998 9.999E-005 9.999E-005
