0.9998 9.999E-005 9.999E-005
0.997935 9.9991E-005 0.00196507
0.747812 0.227995 0.0241929
0.882893 0.100759 0.0163487
0.907105 0.0792917 0.0136031
0.990967 9.9991E-005 0.00893292
0.9998 9.999E-005 9.999E-005
0.827489 0.172411 9.9991E-005
0.860672 0.109536 0.0297927
0.829727 0.16285 0.00742302
0.966545 0.0149834 0.0184712
0.0125974 0.0130834 0.974319
9.999E-005 9.999E-005 0.9998
0.0223625 0.045742 0.931896
0.0117931 0.0187413 0.969466
9.999E-005 9.999E-005 0.9998
0.156838 0.113923 0.729239
9.999E-005 9.999E-005 0.9998
9.999E-005 9.999E-005 0.9998
0.172361 0.827539 9.9991E-005
0.208973 0.780919 0.0101079
0.186132 0.799704 0.0141632
0.277073 0.709702 0.0132252
0.202595 0.767402 0.0300029
0.449814 0.548535 0.00165066
0.655276 0.344624 9.9991E-005
0.575207 0.424693 9.9991E-005
0.638758 0.361142 9.9991E-005
0.567582 0.413825 0.0185929
0.9998 9.999E-005 9.999E-005
0.648952 0.350948 9.9991E-005
0.685352 0.314548 9.9991E-005
0.651161 0.348739 9.9991E-005
0.554051 0.445849 9.9991E-005
0.668672 0.331228 9.9991E-005
0.90546 0.09444 9.9991E-005
0.949918 0.0150698 0.0350124
0.844675 0.12795 0.0273758
0.737225 0.227304 0.0354707
0.720375 0.263509 0.0161163
0.883496 0.0857473 0.0307568
0.83031 0.161921 0.00776946
0.856738 0.116709 0.0265531
0.885227 0.114331 0.000442104
0.87757 0.0821796 0.0402502
0.935403 0.0600109 0.00458568
0.854881 0.114525 0.0305946
0.592163 0.401156 0.00668113
0.531722 0.45185 0.0164285
0.544933 0.451568 0.00349912
0.540184 0.459716 9.9991E-005
0.522671 0.476046 0.00128239
0.525934 0.473966 9.9991E-005
0.545503 0.454397 9.9991E-005
0.644301 0.352673 0.003026
0.536878 0.463022 9.9991E-005
9.999E-005 0.9998 9.999E-005
0.087422 0.890986 0.0215919
9.9991E-005 0.983908 0.0159924
9.999E-005 0.9998 9.999E-005
9.999E-005 0.9998 9.999E-005
9.9991E-005 0.989267 0.0106331
9.9991E-005 0.977753 0.022147
9.999E-005 0.9998 9.999E-005
9.999E-005 0.9998 9.999E-005
9.999E-005 0.9998 9.999E-005
9.999E-005 0.9998 9.999E-005
