9.9964E-005 0.897438 0.01342 0.0157146 9.9964E-005 9.9964E-005 0.0730279 9.9964E-005
9.998E-005 0.871021 9.998E-005 0.0370938 0.0158703 0.00268067 0.070359 0.00277515
0.186663 0.527051 0.0879605 9.9982E-005 9.9982E-005 0.0725414 0.108956 0.0166289
0.120273 0.878188 9.9955E-005 9.9955E-005 9.9955E-005 9.9955E-005 9.9955E-005 0.00103897
0.0962933 0.903107 9.99459E-005 9.99459E-005 9.99459E-005 9.99459E-005 9.99459E-005 9.99459E-005
9.998E-005 0.772138 0.0900005 0.041706 0.0234593 0.0707683 9.998E-005 0.00172827
9.9955E-005 0.885332 0.0164242 9.9955E-005 9.9955E-005 9.9955E-005 0.0977445 9.9955E-005
0.128629 0.56781 0.112254 0.106625 0.0324049 0.0520775 9.9982E-005 9.9982E-005
0.12142 0.796146 9.99819E-005 0.0312149 0.0241047 0.0115231 9.99819E-005 0.0153915
0.126544 0.774527 9.9955E-005 9.9955E-005 9.9955E-005 9.9955E-005 0.0984292 9.9955E-005
0.00456196 0.788081 0.057929 9.9991E-005 0.0913143 0.0342243 0.0111266 0.0126624
9.9955E-005 9.9955E-005 9.9955E-005 9.9955E-005 9.9955E-005 0.0195122 0.0162909 0.963697
9.994E-005 9.994E-005 9.994E-005 9.994E-005 9.994E-005 9.994E-005 9.994E-005 0.9993
9.997E-005 9.997E-005 0.0273346 0.0108341 0.0241143 9.997E-005 0.0201871 0.91723
0.00343056 0.0122621 0.00181202 9.9982E-005 0.00725509 9.9982E-005 0.0100163 0.965024
9.994E-005 9.994E-005 9.994E-005 9.994E-005 9.994E-005 9.994E-005 9.994E-005 0.9993
0.0844009 0.0495206 9.9973E-005 0.0636968 9.9973E-005 0.0724185 9.9973E-005 0.729663
9.99459E-005 9.99459E-005 9.99459E-005 9.99459E-005 0.00331391 9.99459E-005 9.99459E-005 0.996086
9.994E-005 9.994E-005 9.994E-005 9.994E-005 9.994E-005 9.994E-005 9.994E-005 0.9993
0.799746 0.134159 9.9964E-005 9.9964E-005 9.9964E-005 0.00915352 0.0565421 9.9964E-005
0.731125 0.18418 9.9973E-005 0.0423286 9.9973E-005 9.9973E-005 0.0279528 0.0141133
0.74879 0.131969 9.9973E-005 9.9973E-005 9.9973E-005 0.0574169 0.053234 0.00829095
0.615772 0.182914 0.0648293 0.0125876 0.114034 9.9982E-005 9.9982E-005 0.00966278
0.630126 0.0113268 0.00170715 0.120023 0.132806 0.0335911 0.0392549 0.0311649
0.547553 0.391478 0.0142797 0.0389495 9.9973E-005 0.00743966 9.9973E-005 9.9973E-005
9.994E-005 9.994E-005 9.994E-005 0.9993 9.994E-005 9.994E-005 9.994E-005 9.994E-005
0.110817 0.0227302 9.99729E-005 0.823365 0.0370094 9.99729E-005 9.99729E-005 0.00577798
0.00922984 9.99459E-005 9.99459E-005 0.99017 9.99459E-005 9.99459E-005 9.99459E-005 9.99459E-005
0.0981399 9.9973E-005 0.00475915 0.842449 9.9973E-005 0.0300917 9.9973E-005 0.0242599
9.9955E-005 0.902841 0.0502176 0.0464414 9.9955E-005 9.9955E-005 9.9955E-005 9.9955E-005
9.9964E-005 9.9964E-005 9.9964E-005 0.956285 0.0159713 0.0215192 9.9964E-005 0.00582462
9.9946E-005 9.9946E-005 0.0203773 0.979023 9.9946E-005 9.9946E-005 9.9946E-005 9.9946E-005
9.9955E-005 9.9955E-005 0.0229364 0.935194 9.9955E-005 9.9955E-005 0.0413702 9.9955E-005
0.0982443 9.9955E-005 9.9955E-005 0.849129 9.9955E-005 9.9955E-005 0.0521271 9.9955E-005
9.99461E-005 0.0493483 9.99461E-005 0.950052 9.99461E-005 9.99461E-005 9.99461E-005 9.99461E-005
9.99639E-005 0.407646 9.99639E-005 0.532785 9.99639E-005 0.0576376 9.99639E-005 0.0015317
9.99549E-005 0.168193 0.0711935 9.99549E-005 9.99549E-005 0.760114 9.99549E-005 9.99549E-005
9.9946E-005 9.9946E-005 9.9946E-005 0.033717 9.9946E-005 0.965683 9.9946E-005 9.9946E-005
0.0986254 9.99549E-005 0.0643794 9.99549E-005 9.99549E-005 0.836495 9.99549E-005 9.99549E-005
0.140262 0.0185018 0.178885 9.9991E-005 0.0368208 0.605545 0.0188365 0.00104858
9.9973E-005 0.201875 0.0254059 9.9973E-005 9.9973E-005 0.634182 0.132097 0.00613936
9.994E-005 9.994E-005 0.9993 9.994E-005 9.994E-005 9.994E-005 9.994E-005 9.994E-005
9.9946E-005 9.9946E-005 9.9946E-005 0.00612391 9.9946E-005 0.993276 9.9946E-005 9.9946E-005
9.994E-005 9.994E-005 0.9993 9.994E-005 9.994E-005 9.994E-005 9.994E-005 9.994E-005
0.0248623 0.297156 0.03053 9.99729E-005 9.99729E-005 0.6209 9.99729E-005 0.0262515
9.9973E-005 0.338249 0.301282 0.00164816 9.9973E-005 0.302121 0.0563999 9.9973E-005
9.99551E-005 9.99551E-005 0.023681 0.000950362 9.99551E-005 0.974869 9.99551E-005 9.99551E-005
0.227864 0.315652 0.0078383 0.136364 0.0573814 0.0193064 0.219435 0.0161592
9.9955E-005 9.9955E-005 0.0102673 9.9955E-005 9.9955E-005 9.9955E-005 0.972253 0.0169802
9.994E-005 9.994E-005 9.994E-005 9.994E-005 0.9993 9.994E-005 9.994E-005 9.994E-005
9.994E-005 9.994E-005 9.994E-005 9.994E-005 9.994E-005 9.994E-005 0.9993 9.994E-005
0.000154612 9.9955E-005 9.9955E-005 9.9955E-005 0.997869 9.9955E-005 9.9955E-005 0.00147692
9.994E-005 9.994E-005 9.994E-005 9.994E-005 0.9993 9.994E-005 9.994E-005 9.994E-005
9.994E-005 9.994E-005 9.994E-005 9.994E-005 0.9993 9.994E-005 9.994E-005 9.994E-005
9.9982E-005 0.0998236 0.0172473 0.0380469 0.475511 9.9982E-005 0.356413 0.0127581
9.994E-005 9.994E-005 9.994E-005 9.994E-005 9.994E-005 9.994E-005 0.9993 9.994E-005
0.997131 0.00226965 9.9946E-005 9.9946E-005 9.9946E-005 9.9946E-005 9.9946E-005 9.9946E-005
0.80991 9.9982E-005 0.0211292 0.0639156 0.0402729 0.0530561 9.9982E-005 0.0115162
0.969217 9.9964E-005 0.0135669 9.9964E-005 0.00602486 9.9964E-005 9.9964E-005 0.0107918
0.9993 9.994E-005 9.994E-005 9.994E-005 9.994E-005 9.994E-005 9.994E-005 9.994E-005
0.995825 9.9946E-005 9.9946E-005 9.9946E-005 9.9946E-005 9.9946E-005 0.00357512 9.9946E-005
0.993235 9.9946E-005 9.9946E-005 9.9946E-005 9.9946E-005 9.9946E-005 9.9946E-005 0.00616497
0.926118 9.9982E-005 0.0145019 0.0132098 0.032209 0.00496607 9.9982E-005 0.00879528
0.998135 9.9946E-005 9.9946E-005 0.00126552 9.9946E-005 9.9946E-005 9.9946E-005 9.9946E-005
0.96513 9.99459E-005 9.99459E-005 9.99459E-005 0.0342703 9.99459E-005 9.99459E-005 9.99459E-005
0.9993 9.994E-005 9.994E-005 9.994E-005 9.994E-005 9.994E-005 9.994E-005 9.994E-005
0.982115 9.9973E-005 0.00626174 0.000257961 0.0081891 0.00287589 9.9973E-005 9.9973E-005
