9.9964E-005 9.9964E-005 0.0272409 0.944663 0.0128017 9.9964E-005 0.0148948 9.9964E-005
0.0632773 9.9964E-005 0.0558853 0.875411 9.9964E-005 0.00502627 9.9964E-005 9.9964E-005
0.0220936 0.237348 9.9991E-005 0.508325 0.0871354 0.0184806 0.0478776 0.0786402
9.9955E-005 9.9955E-005 9.9955E-005 0.884454 9.9955E-005 0.00115742 0.113889 9.9955E-005
9.99549E-005 9.99549E-005 9.99549E-005 0.891313 9.99549E-005 0.000636121 0.107551 9.99549E-005
0.0108831 9.9973E-005 0.0289297 0.791961 0.0889999 9.9973E-005 9.9973E-005 0.0789268
9.9964E-005 9.9964E-005 0.00245397 0.962182 0.015638 9.9964E-005 0.019326 9.9964E-005
0.0297231 0.0864336 0.075226 0.553199 0.0825047 9.9991E-005 0.0697304 0.103083
0.0142772 0.0278267 0.0511376 0.765288 9.9991E-005 0.021427 0.0963507 0.0235923
0.0426802 0.131099 9.9973E-005 0.774562 9.9973E-005 0.000508973 0.0508502 9.9973E-005
0.0858109 0.0242696 9.9982E-005 0.796332 0.0634167 0.016413 9.9982E-005 0.0135575
9.9964E-005 0.010062 0.00138777 9.9964E-005 9.9964E-005 0.975431 9.9964E-005 0.0127193
9.994E-005 9.994E-005 9.994E-005 9.994E-005 9.994E-005 0.9993 9.994E-005 9.994E-005
0.0156011 0.0220797 0.00907748 9.9973E-005 0.0341409 0.918801 9.9973E-005 9.9973E-005
0.0158302 9.9973E-005 9.9973E-005 0.000976711 0.010815 0.969931 9.9973E-005 0.00214699
9.994E-005 9.994E-005 9.994E-005 9.994E-005 9.994E-005 0.9993 9.994E-005 9.994E-005
0.0274499 0.0352897 0.0385904 0.0410907 0.00495959 0.728501 0.0635148 0.0606041
9.994E-005 9.994E-005 9.994E-005 9.994E-005 9.994E-005 0.9993 9.994E-005 9.994E-005
9.994E-005 9.994E-005 9.994E-005 9.994E-005 9.994E-005 0.9993 9.994E-005 9.994E-005
9.99459E-005 0.998029 9.99459E-005 9.99459E-005 9.99459E-005 9.99459E-005 0.0013712 9.99459E-005
9.99459E-005 0.996252 9.99459E-005 9.99459E-005 9.99459E-005 0.00314818 9.99459E-005 9.99459E-005
9.994E-005 0.9993 9.994E-005 9.994E-005 9.994E-005 9.994E-005 9.994E-005 9.994E-005
0.126782 0.0290518 9.9982E-005 0.193588 0.0573536 0.00778006 0.585244 9.9982E-005
0.152427 0.191224 0.120828 9.9991E-005 0.00056179 0.0297822 0.471332 0.0337448
0.02056 0.481892 0.0388129 0.231022 0.0305455 0.00326478 0.16363 0.0302728
9.994E-005 9.994E-005 0.9993 9.994E-005 9.994E-005 9.994E-005 9.994E-005 9.994E-005
0.0246266 0.00956237 0.834986 0.0207789 9.9982E-005 0.00918397 0.100662 9.9982E-005
9.99459E-005 9.99459E-005 0.995718 9.99459E-005 9.99459E-005 9.99459E-005 0.00368254 9.99459E-005
9.9982E-005 0.0586961 0.832601 9.9982E-005 0.00143887 0.0250805 0.0547097 0.0272737
9.9955E-005 9.9955E-005 0.050388 0.916428 0.0326842 9.9955E-005 9.9955E-005 9.9955E-005
9.9955E-005 9.9955E-005 0.983193 9.9955E-005 9.9955E-005 0.00398771 9.9955E-005 0.0123193
9.9946E-005 9.9946E-005 0.981177 9.9946E-005 0.0182234 9.9946E-005 9.9946E-005 9.9946E-005
0.00496959 0.0335599 0.936189 9.9973E-005 0.0153095 9.9973E-005 9.9973E-005 0.00967193
0.0257467 0.0231035 0.861209 9.9964E-005 9.9964E-005 9.9964E-005 0.0895406 9.9964E-005
9.9955E-005 0.0218973 0.927834 0.0497686 9.9955E-005 9.9955E-005 9.9955E-005 9.9955E-005
9.99549E-005 9.99549E-005 0.515644 0.421914 9.99549E-005 9.99549E-005 9.99549E-005 0.0619427
9.99549E-005 9.99549E-005 9.99549E-005 0.177355 0.074564 9.99549E-005 9.99549E-005 0.747581
9.9946E-005 9.9946E-005 0.0269979 9.9946E-005 9.9946E-005 9.9946E-005 9.9946E-005 0.972402
9.9964E-005 0.0239926 9.9964E-005 9.9964E-005 0.0518493 9.9964E-005 0.0651661 0.858592
0.0645657 0.0438185 0.0140047 0.0273957 0.201903 0.00541334 0.0977678 0.545131
0.0863278 9.9973E-005 9.9973E-005 0.234596 0.0303194 0.0165975 9.9973E-005 0.63186
9.994E-005 9.994E-005 9.994E-005 9.994E-005 0.9993 9.994E-005 9.994E-005 9.994E-005
9.9946E-005 9.9946E-005 0.0166264 9.9946E-005 9.9946E-005 9.9946E-005 9.9946E-005 0.982774
9.994E-005 9.994E-005 9.994E-005 9.994E-005 0.9993 9.994E-005 9.994E-005 9.994E-005
9.99729E-005 9.99729E-005 9.99729E-005 0.294268 0.0379728 0.0233736 0.0151464 0.628939
0.0249481 0.0357842 0.000879371 0.331451 0.325053 9.9982E-005 9.9982E-005 0.281684
9.99461E-005 9.99461E-005 9.99461E-005 9.99461E-005 0.0150875 9.99461E-005 9.99461E-005 0.984313
0.151305 0.138987 0.134718 0.338163 0.0336336 0.00886516 0.178014 0.0163147
0.50779 0.280582 0.043326 0.098941 0.0393878 0.0297732 9.9982E-005 9.9982E-005
0.9993 9.994E-005 9.994E-005 9.994E-005 9.994E-005 9.994E-005 9.994E-005 9.994E-005
0.535762 0.303144 0.0436878 0.117006 9.9964E-005 9.9964E-005 9.9964E-005 9.9964E-005
0.993351 9.99459E-005 9.99459E-005 9.99459E-005 9.99459E-005 9.99459E-005 0.0060497 9.99459E-005
0.9993 9.994E-005 9.994E-005 9.994E-005 9.994E-005 9.994E-005 9.994E-005 9.994E-005
0.9993 9.994E-005 9.994E-005 9.994E-005 9.994E-005 9.994E-005 9.994E-005 9.994E-005
0.746692 0.0592152 0.0433968 0.114031 0.0324936 0.00397166 9.998E-005 9.998E-005
0.563733 0.266448 0.027135 0.108929 0.00912272 9.9982E-005 9.9982E-005 0.0244317
9.9955E-005 0.0117643 9.9955E-005 0.00515041 9.9955E-005 9.9955E-005 0.982586 9.9955E-005
0.0325475 0.031176 0.0499546 0.00308544 0.0281851 0.0164079 0.77747 0.0611735
0.00619896 0.0950857 9.9973E-005 9.9973E-005 0.0187959 0.00999174 0.869628 9.9973E-005
9.994E-005 9.994E-005 9.994E-005 9.994E-005 9.994E-005 9.994E-005 0.9993 9.994E-005
9.9946E-005 0.0579257 9.9946E-005 9.9946E-005 9.9946E-005 9.9946E-005 0.941475 9.9946E-005
9.9955E-005 0.0796388 9.9955E-005 9.9955E-005 9.9955E-005 0.00920552 0.910656 9.9955E-005
0.0153416 0.0394608 0.0256144 9.9991E-005 0.00695836 0.0111357 0.882258 0.0191311
9.9955E-005 0.0400242 0.00261896 9.9955E-005 9.9955E-005 9.9955E-005 0.956857 9.9955E-005
0.0414837 9.99459E-005 9.99459E-005 9.99459E-005 9.99459E-005 9.99459E-005 0.957917 9.99459E-005
9.994E-005 9.994E-005 9.994E-005 9.994E-005 9.994E-005 9.994E-005 0.9993 9.994E-005
9.9973E-005 0.015608 0.00242821 9.9973E-005 0.00164302 9.9973E-005 0.973513 0.00650763
