0.746041 0.132675 0.121084 9.9982E-005 9.9982E-005
0.707585 0.146261 0.145954 9.9982E-005 9.9982E-005
0.654267 0.050704 0.0801083 0.0150972 0.199824
0.788313 0.0571824 0.0343276 0.0140892 0.106087
0.767793 0.103933 0.0583011 0.0071171 0.0628557
0.835697 0.0987366 0.065367 9.9982E-005 9.9982E-005
0.753567 0.115312 0.130921 9.9982E-005 9.9982E-005
0.638049 0.153251 0.094667 9.9991E-005 0.113933
0.670135 0.148654 0.100553 0.0220507 0.0586076
0.636866 0.0960572 0.191691 9.99944E-005 0.075285
0.749821 0.0607252 0.179841 0.00951305 9.9991E-005
0.00792204 0.00688959 0.00419538 0.980893 9.9991E-005
9.997E-005 9.997E-005 9.997E-005 0.9996 9.997E-005
9.999E-005 0.0255078 0.0154826 0.937081 0.0218283
0.0268652 9.9982E-005 9.9982E-005 0.958812 0.0141227
9.997E-005 9.997E-005 9.997E-005 0.9996 9.997E-005
0.107817 0.0465353 0.0423228 0.725137 0.0781882
9.997E-005 9.997E-005 9.997E-005 0.9996 9.997E-005
9.997E-005 9.997E-005 9.997E-005 0.9996 9.997E-005
0.137026 0.0411203 9.9982E-005 9.9982E-005 0.821653
0.155934 0.0841407 9.9991E-005 0.0161267 0.743699
0.171231 0.0422172 9.9991E-005 0.00516201 0.78129
0.207658 0.0352397 0.141562 0.00820222 0.607338
0.0474775 0.122518 0.177321 0.0278692 0.624814
0.359307 0.104804 0.0502032 9.9991E-005 0.485586
9.997E-005 0.9996 9.997E-005 9.997E-005 9.997E-005
0.000234187 0.862653 0.0326179 0.00938951 0.0951049
9.9973E-005 0.976952 9.9973E-005 9.9973E-005 0.0227484
0.00604653 0.851275 9.9991E-005 0.0306409 0.111938
0.823234 0.141032 0.0355339 9.9982E-005 9.9982E-005
9.9982E-005 0.979104 9.9982E-005 0.00357203 0.0171236
9.997E-005 0.9996 9.997E-005 9.997E-005 9.997E-005
9.9991E-005 0.976813 0.0132135 0.000972713 0.00890091
9.9982E-005 0.874693 0.0288066 9.9982E-005 0.0963007
0.0163723 0.982442 9.9982E-005 9.9982E-005 0.00098548
0.443368 0.553688 0.00274329 9.9982E-005 9.9982E-005
0.958548 9.9982E-005 9.9982E-005 0.0142929 0.0269594
0.823088 0.0407139 9.9991E-005 0.00485233 0.131245
0.773204 9.9982E-005 9.9982E-005 0.00158448 0.225011
0.727841 9.9991E-005 0.0161623 0.00393817 0.251959
0.809778 9.9991E-005 0.0818513 0.0233513 0.0849191
0.843646 9.9973E-005 9.9973E-005 9.9973E-005 0.156054
0.864735 9.9982E-005 9.9982E-005 0.00804774 0.127017
0.8514 9.9973E-005 9.9973E-005 9.9973E-005 0.1483
0.889879 9.9982E-005 9.9982E-005 0.0186921 0.091229
0.872304 0.00405962 0.0392604 9.9991E-005 0.0842761
0.884886 9.9982E-005 9.9982E-005 0.0062626 0.108652
0.321982 0.192868 0.24227 0.0124527 0.230428
0.160227 0.0601105 0.597085 0.0224606 0.160117
9.997E-005 9.997E-005 0.9996 9.997E-005 9.997E-005
0.105556 0.0678082 0.661461 9.9991E-005 0.165076
9.997E-005 9.997E-005 0.9996 9.997E-005 9.997E-005
9.997E-005 9.997E-005 0.9996 9.997E-005 9.997E-005
9.997E-005 9.997E-005 0.9996 9.997E-005 9.997E-005
0.114006 0.0632503 0.81532 0.00732408 9.9991E-005
0.123169 0.0382778 0.686687 9.9991E-005 0.151766
9.9973E-005 0.00063704 9.9973E-005 9.9973E-005 0.999063
0.0641885 0.0421167 0.0407271 0.0176924 0.835275
9.9991E-005 0.00887402 0.00801103 0.0184115 0.964603
9.997E-005 9.997E-005 9.997E-005 9.997E-005 0.9996
9.997E-005 9.997E-005 9.997E-005 9.997E-005 0.9996
9.9973E-005 9.9973E-005 9.9973E-005 0.0158167 0.983883
9.9991E-005 0.0160213 0.0440389 0.0115767 0.928263
9.9973E-005 0.00265305 9.9973E-005 9.9973E-005 0.997047
9.9973E-005 9.9973E-005 0.0253265 9.9973E-005 0.974374
9.997E-005 9.997E-005 9.997E-005 9.997E-005 0.9996
9.9982E-005 0.00545426 0.00628742 9.9982E-005 0.988058
