9.9955E-005 0.0866645 9.9955E-005 9.9955E-005 9.9955E-005 0.88878 9.9955E-005 0.024056
9.9973E-005 0.0525405 9.9973E-005 0.00692964 0.0291969 0.86589 9.9973E-005 0.0451429
0.144891 0.078535 0.00642954 0.00476349 9.9982E-005 0.553221 0.211959 9.9982E-005
9.9964E-005 9.9964E-005 0.00159079 0.0089464 9.9964E-005 0.862443 0.12662 9.9964E-005
9.99549E-005 9.99549E-005 0.00777986 9.99549E-005 9.99549E-005 0.893529 0.0981915 9.99549E-005
0.155513 9.9964E-005 9.9964E-005 9.9964E-005 0.0364523 0.793362 9.9964E-005 0.0142724
9.9946E-005 0.0964235 9.9946E-005 9.9946E-005 9.9946E-005 0.902977 9.9946E-005 9.9946E-005
0.136699 9.9973E-005 9.9973E-005 9.9973E-005 0.0532093 0.595859 0.136011 0.0779214
0.0117036 9.99819E-005 0.0191528 9.99819E-005 0.0207183 0.772461 0.12678 0.0489841
9.9955E-005 0.106428 9.9955E-005 9.9955E-005 9.9955E-005 0.764686 0.128386 9.9955E-005
0.0389214 0.00603805 0.0209801 9.9982E-005 0.0930835 0.82015 0.020627 9.9982E-005
0.00865669 0.0233794 0.966268 9.99641E-005 9.99641E-005 9.99641E-005 9.99641E-005 0.0012957
9.994E-005 9.994E-005 0.9993 9.994E-005 9.994E-005 9.994E-005 9.994E-005 9.994E-005
0.0108116 0.00993951 0.906752 0.0111686 0.018633 9.9991E-005 0.00879528 0.0337998
9.9964E-005 0.0116906 0.948499 9.9964E-005 9.9964E-005 0.0250835 0.0143269 9.9964E-005
9.994E-005 9.994E-005 0.9993 9.994E-005 9.994E-005 9.994E-005 9.994E-005 9.994E-005
9.994E-005 9.994E-005 9.994E-005 0.9993 9.994E-005 9.994E-005 9.994E-005 9.994E-005
9.994E-005 9.994E-005 0.9993 9.994E-005 9.994E-005 9.994E-005 9.994E-005 9.994E-005
9.994E-005 9.994E-005 0.9993 9.994E-005 9.994E-005 9.994E-005 9.994E-005 9.994E-005
9.9955E-005 0.0441804 9.9955E-005 9.9955E-005 9.9955E-005 0.158896 0.796423 9.9955E-005
9.9973E-005 0.0347214 9.9973E-005 0.0130589 9.9973E-005 0.186784 0.730809 0.0343261
0.0183959 0.0437248 9.9973E-005 0.0206876 9.9973E-005 0.167937 0.748955 9.9973E-005
0.0322567 9.9982E-005 0.00149143 0.00515691 0.130763 0.202556 0.627576 9.9982E-005
0.0285927 0.0126661 0.0167298 0.0106881 0.144645 0.02113 0.642947 0.122601
0.0225438 9.9973E-005 9.9973E-005 0.00967399 9.9973E-005 0.386689 0.532258 0.0485347
9.994E-005 9.994E-005 9.994E-005 9.994E-005 9.994E-005 9.994E-005 9.994E-005 0.9993
9.99729E-005 9.99729E-005 0.00844714 9.99729E-005 0.0280436 0.012772 0.108892 0.841545
9.994E-005 9.994E-005 9.994E-005 9.994E-005 9.994E-005 9.994E-005 9.994E-005 0.9993
0.047347 9.9973E-005 0.00165245 0.0308865 9.9973E-005 9.9973E-005 0.09187 0.827944
9.99461E-005 9.99461E-005 9.99461E-005 9.99461E-005 9.99461E-005 0.951148 9.99461E-005 0.0482526
0.00762787 9.9964E-005 9.9964E-005 0.00422958 0.00970033 9.9964E-005 9.9964E-005 0.978042
9.9946E-005 9.9946E-005 9.9946E-005 0.00208469 9.9946E-005 9.9946E-005 9.9946E-005 0.997316
0.0227461 0.0349132 9.9955E-005 9.9955E-005 9.9955E-005 9.9955E-005 9.9955E-005 0.941841
9.995E-005 0.0455033 9.995E-005 9.995E-005 9.995E-005 9.995E-005 0.0886326 0.865364
9.9955E-005 9.9955E-005 9.9955E-005 9.9955E-005 9.9955E-005 0.0487609 0.0113555 0.939384
0.0741756 9.99549E-005 9.99549E-005 9.99549E-005 9.99549E-005 0.421843 9.99549E-005 0.503482
0.852676 9.99549E-005 0.00328805 9.99549E-005 9.99549E-005 0.143536 9.99549E-005 9.99549E-005
0.942837 9.9946E-005 9.9946E-005 9.9946E-005 9.9946E-005 9.9946E-005 9.9946E-005 0.0565629
0.911913 9.99459E-005 9.99459E-005 9.99459E-005 9.99459E-005 9.99459E-005 0.0874878 9.99459E-005
0.758796 0.0220177 9.9982E-005 9.9982E-005 0.0307425 0.0406773 0.145394 0.00217239
0.667003 0.106104 0.0175029 9.9973E-005 0.0105188 0.198571 9.9973E-005 9.9973E-005
0.719083 0.019423 9.9964E-005 9.9964E-005 9.9964E-005 0.197369 0.0637249 9.9964E-005
0.956982 0.022008 9.9955E-005 9.9955E-005 9.9955E-005 9.9955E-005 9.9955E-005 0.0205101
0.772147 9.9955E-005 9.9955E-005 9.9955E-005 9.9955E-005 0.188702 0.0386509 9.9955E-005
0.649795 9.9982E-005 0.0184051 0.00771247 9.9982E-005 0.304401 0.0135799 0.00590712
0.547779 0.0909142 9.9955E-005 9.9955E-005 9.9955E-005 0.360807 9.9955E-005 9.9955E-005
0.992698 9.99461E-005 9.99461E-005 9.99461E-005 9.99461E-005 9.99461E-005 9.99461E-005 0.00670259
0.0244388 0.251755 0.00142018 0.0125324 0.0404729 0.322109 0.222814 0.124457
9.9946E-005 0.984308 0.0150927 9.9946E-005 9.9946E-005 9.9946E-005 9.9946E-005 9.9946E-005
9.994E-005 9.994E-005 9.994E-005 9.994E-005 0.9993 9.994E-005 9.994E-005 9.994E-005
9.994E-005 0.9993 9.994E-005 9.994E-005 9.994E-005 9.994E-005 9.994E-005 9.994E-005
9.9955E-005 9.9955E-005 0.00806117 9.9955E-005 0.983876 9.9955E-005 0.00756326 9.9955E-005
9.994E-005 9.994E-005 9.994E-005 9.994E-005 0.9993 9.994E-005 9.994E-005 9.994E-005
9.994E-005 9.994E-005 9.994E-005 9.994E-005 0.9993 9.994E-005 9.994E-005 9.994E-005
9.9973E-005 0.35569 0.0113059 9.9973E-005 0.461959 0.132635 9.9973E-005 0.0381095
9.994E-005 0.9993 9.994E-005 9.994E-005 9.994E-005 9.994E-005 9.994E-005 9.994E-005
9.9946E-005 9.9946E-005 9.9946E-005 9.9946E-005 9.9946E-005 9.9946E-005 0.993694 0.00570613
0.0849611 9.9973E-005 9.9973E-005 0.015352 0.0361789 9.9973E-005 0.824756 0.0384518
9.9973E-005 0.000420207 0.00761725 0.00671486 0.0337873 9.9973E-005 0.95116 9.9973E-005
9.994E-005 9.994E-005 9.994E-005 9.994E-005 9.994E-005 9.994E-005 0.9993 9.994E-005
9.9946E-005 0.00142296 9.9946E-005 9.9946E-005 9.9946E-005 9.9946E-005 0.997977 9.9946E-005
9.9946E-005 9.9946E-005 0.0189648 9.9946E-005 9.9946E-005 9.9946E-005 0.980435 9.9946E-005
9.9964E-005 9.9964E-005 0.00949026 9.9964E-005 0.0416972 9.9964E-005 0.923948 0.0244649
9.9955E-005 9.9955E-005 9.9955E-005 0.00698477 9.9955E-005 9.9955E-005 0.982551 0.00996418
9.99459E-005 9.99459E-005 9.99459E-005 9.99459E-005 0.0433186 9.99459E-005 0.956082 9.99459E-005
9.994E-005 9.994E-005 9.994E-005 9.994E-005 9.994E-005 9.994E-005 0.9993 9.994E-005
0.00952607 9.9955E-005 9.9955E-005 9.9955E-005 0.0178463 9.9955E-005 0.972128 9.9955E-005
