9.9982E-005 9.9982E-005 0.140691 0.859109
9.9982E-005 9.9982E-005 0.15531 0.84449
0.233326 0.0111998 0.0077978 0.747676
0.113166 0.011055 0.0354341 0.840345
0.0559005 0.0116373 0.105452 0.82701
9.9982E-005 9.9982E-005 0.111306 0.888494
9.9982E-005 9.9982E-005 0.111944 0.887856
0.119537 9.9991E-005 0.153782 0.726581
0.0844821 0.0159564 0.148105 0.751457
0.135336 9.9991E-005 0.0714743 0.79309
0.00609231 0.017021 0.0804628 0.896424
9.999E-005 0.97657 0.00548644 0.0178434
9.998E-005 0.9997 9.998E-005 9.998E-005
0.0307623 0.930542 0.0302052 0.00849013
0.0150623 0.970402 9.9991E-005 0.0144358
9.998E-005 0.9997 9.998E-005 9.998E-005
0.102339 0.731473 0.0378342 0.128354
9.998E-005 0.9997 9.998E-005 9.998E-005
9.998E-005 0.9997 9.998E-005 9.998E-005
0.826851 9.9991E-005 0.0178048 0.155244
0.736465 0.00909679 0.0975055 0.156933
0.779214 0.00297371 0.031662 0.18615
0.686919 0.00303273 0.0341222 0.275926
0.721639 0.0292498 0.12699 0.122122
0.530998 9.9991E-005 0.086846 0.382056
9.998E-005 9.998E-005 0.9997 9.998E-005
0.115175 0.00571321 0.868244 0.0108678
9.998E-005 9.998E-005 0.9997 9.998E-005
0.108559 0.0310189 0.860322 9.9991E-005
9.9982E-005 9.9982E-005 0.136392 0.863408
9.9982E-005 0.00580488 0.993995 9.9982E-005
9.9982E-005 0.00254275 0.997257 9.9982E-005
0.0262247 0.00313664 0.970539 9.9991E-005
0.109896 9.9982E-005 0.889904 9.9982E-005
0.00318071 9.9991E-005 0.980849 0.0158703
9.9982E-005 9.9982E-005 0.539138 0.460662
0.0123972 0.0158646 9.9991E-005 0.971638
0.101059 0.0236736 0.0190144 0.856253
0.208689 0.008063 9.9991E-005 0.783148
0.248799 0.0036307 9.9991E-005 0.747471
0.0880951 0.0239893 9.9991E-005 0.887816
0.137248 9.9982E-005 9.9982E-005 0.862552
0.0958859 0.0151757 9.9991E-005 0.888838
0.109132 9.9982E-005 9.9982E-005 0.890668
0.0712245 0.0311006 9.9991E-005 0.897575
0.065272 9.9982E-005 9.9982E-005 0.934528
0.0983796 0.00771307 9.9991E-005 0.893807
0.306543 0.0150807 0.217152 0.461224
0.39622 0.00843253 0.148829 0.446518
0.398467 0.00126838 0.17431 0.425954
0.427746 9.9991E-005 0.136529 0.435625
0.426152 9.9991E-005 0.142034 0.431714
0.427973 9.9991E-005 0.143075 0.428852
0.405973 9.9991E-005 0.153217 0.44071
0.273961 0.0126313 0.210429 0.502978
0.411231 9.9991E-005 0.142586 0.446083
0.9997 9.998E-005 9.998E-005 9.998E-005
0.851277 0.0192072 0.0509957 0.0785204
0.983656 0.0161441 9.9982E-005 9.9982E-005
0.9997 9.998E-005 9.998E-005 9.998E-005
0.9997 9.998E-005 9.998E-005 9.998E-005
0.993448 0.00635213 9.9982E-005 9.9982E-005
0.960899 0.0111118 0.0261961 0.00179312
0.9997 9.998E-005 9.998E-005 9.998E-005
0.9997 9.998E-005 9.998E-005 9.998E-005
0.9997 9.998E-005 9.998E-005 9.998E-005
0.988606 9.9982E-005 0.0111939 9.9982E-005
