0.14624 0.85356 9.9982E-005 9.9982E-005
0.167724 0.832076 9.9982E-005 9.9982E-005
0.0695565 0.699684 0.217045 0.0137147
0.0455561 0.827922 0.110766 0.0157558
0.105084 0.821124 0.0578693 0.0159228
0.102146 0.896944 9.9991E-005 0.000810351
0.144312 0.855488 9.9982E-005 9.9982E-005
0.170351 0.713901 0.115648 9.9991E-005
0.148983 0.759542 0.0766613 0.0148133
0.0942591 0.777157 0.128484 9.9991E-005
0.109174 0.880713 9.9991E-005 0.0100132
9.999E-005 0.0120339 0.0116762 0.97619
9.998E-005 9.998E-005 9.998E-005 0.9997
0.0429134 9.9991E-005 0.0274162 0.92957
9.999E-005 0.0202029 0.0100474 0.96965
9.998E-005 9.998E-005 9.998E-005 0.9997
0.0556667 0.121114 0.0881117 0.735108
9.998E-005 9.998E-005 9.998E-005 0.9997
9.998E-005 9.998E-005 9.998E-005 0.9997
0.036791 0.149125 0.813984 9.9991E-005
0.0925165 0.172978 0.720074 0.0144318
0.0233171 0.18186 0.789315 0.00550736
0.050557 0.26426 0.681701 0.00348211
0.150701 0.114688 0.712518 0.0220934
0.0974955 0.377216 0.525188 9.9991E-005
0.9997 9.998E-005 9.998E-005 9.998E-005
0.856947 0.0167318 0.122053 0.00426819
0.9997 9.998E-005 9.998E-005 9.998E-005
0.857401 9.9991E-005 0.113963 0.0285361
0.132995 0.866805 9.9982E-005 9.9982E-005
0.973341 9.9991E-005 0.0153806 0.0111786
0.9997 9.998E-005 9.998E-005 9.998E-005
0.972981 9.9991E-005 0.0256836 0.00123498
0.893872 9.9982E-005 0.105928 9.9982E-005
0.987346 0.00749671 0.00505751 9.9991E-005
0.555854 0.443946 9.9982E-005 9.9982E-005
9.9991E-005 0.961257 0.0253792 0.0132636
0.00855613 0.860306 0.119494 0.0116446
9.9991E-005 0.792959 0.19502 0.0119211
9.9982E-005 0.745982 0.253818 9.9982E-005
9.9991E-005 0.901474 0.0775309 0.0208954
9.9991E-005 0.848726 0.150837 0.000336329
9.9991E-005 0.893913 0.100745 0.00524211
9.9982E-005 0.879676 0.120124 9.9982E-005
9.9991E-005 0.893857 0.0726166 0.0334265
0.00500019 0.934501 0.0603987 9.9991E-005
9.9991E-005 0.903024 0.0859606 0.0109154
0.235518 0.434714 0.314874 0.014894
0.146278 0.434312 0.393983 0.0254259
0.181717 0.426967 0.388694 0.00262215
0.15396 0.432346 0.413594 9.9991E-005
0.156613 0.424557 0.415793 0.00303738
0.169868 0.416798 0.413234 9.9991E-005
0.160361 0.435371 0.404168 9.9991E-005
0.213039 0.502448 0.276349 0.00816454
0.145362 0.445512 0.409025 9.9991E-005
9.998E-005 9.998E-005 0.9997 9.998E-005
0.0603327 0.0752169 0.84932 0.0151309
9.9982E-005 9.9982E-005 0.988081 0.011719
9.998E-005 9.998E-005 0.9997 9.998E-005
9.998E-005 9.998E-005 0.9997 9.998E-005
9.9982E-005 9.9982E-005 0.988527 0.0112725
0.0134797 0.0095885 0.960322 0.0166095
9.998E-005 9.998E-005 0.9997 9.998E-005
9.998E-005 9.998E-005 0.9997 9.998E-005
9.998E-005 9.998E-005 0.9997 9.998E-005
0.00772137 9.9982E-005 0.992079 9.9982E-005
