9.9982E-005 0.107613 9.9982E-005 0.759162 0.133025
9.9982E-005 0.145451 9.9982E-005 0.702182 0.152166
0.0141719 0.0973349 0.19061 0.65501 0.0428733
0.0129215 0.0598105 0.0969192 0.76491 0.0654384
0.0147366 0.0678735 0.0463785 0.742678 0.128334
9.9982E-005 0.0728135 9.9982E-005 0.821257 0.105729
9.9982E-005 0.136322 9.9982E-005 0.741299 0.122179
9.999E-005 0.123097 0.10487 0.634962 0.13697
0.0221434 0.10522 0.0601217 0.66297 0.149545
0.000506468 0.176952 0.0792079 0.661822 0.0815121
0.0125714 0.172098 9.9991E-005 0.754835 0.0603949
0.973598 9.9982E-005 9.9982E-005 0.0137605 0.0124412
0.9996 9.997E-005 9.997E-005 9.997E-005 9.997E-005
0.925464 0.032375 0.0161233 9.9991E-005 0.0259376
0.965841 0.0132464 0.0103395 0.0104733 9.9991E-005
0.9996 9.997E-005 9.997E-005 9.997E-005 9.997E-005
0.724902 0.0178402 0.106046 0.0879687 0.0632436
0.9996 9.997E-005 9.997E-005 9.997E-005 9.997E-005
0.9996 9.997E-005 9.997E-005 9.997E-005 9.997E-005
9.9982E-005 9.9982E-005 0.815608 0.161908 0.0222843
0.018411 9.9991E-005 0.737077 0.151632 0.0927796
0.00488236 9.9991E-005 0.7879 0.179115 0.0280027
0.00342045 0.136172 0.631936 0.191648 0.0368241
0.0259526 0.195137 0.633258 0.0278112 0.117841
9.9991E-005 0.0391956 0.507204 0.353022 0.100478
9.997E-005 9.997E-005 9.997E-005 9.997E-005 0.9996
0.00876624 0.048963 0.108592 9.9991E-005 0.833579
9.9973E-005 9.9973E-005 0.0177897 9.9973E-005 0.98191
0.0291802 9.9982E-005 0.119131 9.9982E-005 0.851489
9.9982E-005 0.0573138 9.9982E-005 0.801274 0.141212
0.00591249 9.9982E-005 0.0163065 9.9982E-005 0.977581
9.997E-005 9.997E-005 9.997E-005 9.997E-005 0.9996
9.9982E-005 0.0148391 0.0228422 9.9982E-005 0.962119
9.9982E-005 0.0143694 0.116386 9.9982E-005 0.869045
9.9991E-005 0.0203588 0.007191 0.0153498 0.957
9.9982E-005 0.0213185 9.9982E-005 0.420983 0.557498
0.010626 9.9982E-005 0.0230593 0.966115 9.9982E-005
0.007892 9.9991E-005 0.121331 0.839295 0.0313822
0.00059551 9.9982E-005 0.222266 0.776939 9.9982E-005
0.000497333 0.0200724 0.253412 0.725918 9.9991E-005
0.0201234 0.0789883 0.0693361 0.831452 9.9991E-005
9.9973E-005 9.9973E-005 0.161381 0.838319 9.9973E-005
0.00232995 9.9982E-005 0.124281 0.873189 9.9982E-005
9.9973E-005 9.9973E-005 0.121819 0.877881 9.9973E-005
0.0243771 9.9982E-005 0.0969827 0.87844 9.9982E-005
9.9991E-005 0.0340456 0.062993 0.877746 0.0251149
0.00504895 9.9982E-005 0.104423 0.890328 9.9982E-005
0.00660304 0.238616 0.232978 0.33804 0.183763
0.021206 0.610869 0.152984 0.145393 0.0695483
9.997E-005 0.9996 9.997E-005 9.997E-005 9.997E-005
9.9991E-005 0.663867 0.136726 0.131002 0.0683057
9.997E-005 0.9996 9.997E-005 9.997E-005 9.997E-005
9.997E-005 0.9996 9.997E-005 9.997E-005 9.997E-005
9.997E-005 0.9996 9.997E-005 9.997E-005 9.997E-005
0.00704884 0.805648 9.9991E-005 0.124018 0.0631847
9.9991E-005 0.693148 0.137873 0.11678 0.052099
9.997E-005 9.997E-005 0.9996 9.997E-005 9.997E-005
0.0193488 0.00158801 0.843252 0.0854397 0.0503718
0.0152674 0.0133224 0.97121 9.9982E-005 9.9982E-005
9.997E-005 9.997E-005 0.9996 9.997E-005 9.997E-005
9.997E-005 9.997E-005 0.9996 9.997E-005 9.997E-005
0.0113078 9.9973E-005 0.988392 9.9973E-005 9.9973E-005
0.0189097 0.0236958 0.934609 0.00114415 0.0216416
9.9973E-005 9.9973E-005 0.994042 9.9973E-005 0.00565839
9.9973E-005 0.00599881 0.993701 9.9973E-005 9.9973E-005
9.997E-005 9.997E-005 0.9996 9.997E-005 9.997E-005
9.9973E-005 9.9973E-005 0.99038 9.9973E-005 0.00932015
