0.0139628 0.050412 9.9982E-005 0.935425 9.9982E-005
0.038087 0.0683809 9.9982E-005 0.893332 9.9982E-005
9.999E-005 0.256755 0.0127147 0.551965 0.178466
9.999E-005 0.0938344 0.0218004 0.814197 0.0700685
9.999E-005 0.080629 0.0151994 0.85209 0.0519816
0.0108122 0.243727 9.9982E-005 0.745261 9.9982E-005
0.00789527 0.0470609 9.9982E-005 0.944844 9.9982E-005
0.0971901 0.251476 9.9991E-005 0.546453 0.104782
0.0662712 0.114157 0.0265203 0.717849 0.0752027
9.999E-005 0.0498007 0.00637311 0.828989 0.114738
9.9982E-005 0.172366 0.0114641 0.81597 9.9982E-005
0.00505053 0.0178678 0.973693 9.9991E-005 0.0032889
9.997E-005 9.997E-005 0.9996 9.997E-005 9.997E-005
0.042516 0.00929955 0.938667 9.9991E-005 0.00941743
9.999E-005 0.00179708 0.972177 0.00976272 0.0161634
9.997E-005 9.997E-005 0.9996 9.997E-005 9.997E-005
0.0453453 0.109816 0.715579 0.0326689 0.0965902
9.997E-005 9.997E-005 0.9996 9.997E-005 9.997E-005
9.997E-005 9.997E-005 0.9996 9.997E-005 9.997E-005
0.0131245 0.0749827 9.9991E-005 0.108871 0.802921
0.0670122 0.0520652 0.021393 0.138514 0.721015
0.025528 0.123853 0.00803336 0.0876301 0.754956
0.0164232 0.0734897 0.00848651 0.243783 0.657818
0.0968856 0.032833 0.0235511 0.140551 0.70618
0.0495869 0.0960888 0.0009657 0.341381 0.511978
0.9996 9.997E-005 9.997E-005 9.997E-005 9.997E-005
0.861687 9.999E-005 0.00537374 0.0192326 0.113606
0.9996 9.997E-005 9.997E-005 9.997E-005 9.997E-005
0.848272 0.0338269 0.025212 9.9991E-005 0.0925891
0.0184574 0.108887 9.9982E-005 0.872455 9.9982E-005
0.983962 0.0105931 0.00524476 9.99856E-005 9.99856E-005
0.99787 9.9973E-005 0.00183037 9.9973E-005 9.9973E-005
0.963532 0.0265408 0.00172199 9.9991E-005 0.00810574
0.896868 9.9973E-005 9.9973E-005 9.9973E-005 0.102832
0.967018 9.9973E-005 9.9973E-005 0.0326817 9.9973E-005
0.504075 0.1063 9.9982E-005 0.389425 9.9982E-005
9.9973E-005 0.877533 9.9973E-005 0.122167 9.9973E-005
0.0775503 0.921656 0.000593346 9.9982E-005 9.9982E-005
9.9973E-005 0.919424 9.9973E-005 9.9973E-005 0.0802757
0.0103918 0.782161 9.9991E-005 0.0548237 0.152523
9.9991E-005 0.678909 0.0206187 0.297998 0.00237406
0.00835047 0.775609 9.9991E-005 0.16359 0.0523505
0.0427924 0.956908 9.9973E-005 9.9973E-005 9.9973E-005
9.9982E-005 0.820176 9.9982E-005 0.151366 0.0282579
9.9991E-005 0.714499 0.0153932 0.267078 0.00292984
0.0119991 0.630537 9.9982E-005 0.357263 9.9982E-005
0.0140798 0.98562 9.9973E-005 9.9973E-005 9.9973E-005
0.125911 0.0521404 0.00783041 0.495863 0.318255
0.00114391 9.9991E-005 0.0220835 0.586528 0.390144
9.9973E-005 9.9973E-005 9.9973E-005 0.652588 0.347112
9.9973E-005 9.9973E-005 9.9973E-005 0.615159 0.384541
9.99729E-005 9.99729E-005 9.99729E-005 0.628804 0.370896
9.9973E-005 9.9973E-005 9.9973E-005 0.630777 0.368923
9.9973E-005 9.9973E-005 9.9973E-005 0.647995 0.351705
9.9982E-005 9.9982E-005 0.00639876 0.724589 0.268812
9.9973E-005 9.9973E-005 9.9973E-005 0.606759 0.392941
0.00275878 9.9973E-005 9.9973E-005 9.9973E-005 0.996941
0.0575469 0.101528 0.0142171 9.9991E-005 0.826608
0.00134354 9.9982E-005 0.0196085 9.9982E-005 0.978848
9.997E-005 9.997E-005 9.997E-005 9.997E-005 0.9996
9.997E-005 9.997E-005 9.997E-005 9.997E-005 0.9996
9.9973E-005 9.9973E-005 0.00651402 9.9973E-005 0.993186
0.0218949 0.0218148 0.020056 9.9991E-005 0.936134
9.997E-005 9.997E-005 9.997E-005 9.997E-005 0.9996
9.997E-005 9.997E-005 9.997E-005 9.997E-005 0.9996
9.997E-005 9.997E-005 9.997E-005 9.997E-005 0.9996
9.9973E-005 0.0182417 9.9973E-005 9.9973E-005 0.981458
