9.9964E-005 0.953734 0.0156813 0.012705 9.9964E-005 9.9964E-005 0.01748 9.9964E-005
0.0593966 0.873468 9.9973E-005 9.9973E-005 9.9973E-005 0.0065783 0.049064 0.0111937
0.0340656 0.505071 0.0962135 0.0364065 0.250665 0.0159128 9.9991E-005 0.0615656
9.9955E-005 0.889991 9.9955E-005 0.106286 9.9955E-005 0.00322349 9.9955E-005 9.9955E-005
9.99549E-005 0.895671 9.99549E-005 0.0982484 9.99549E-005 0.0055806 9.99549E-005 9.99549E-005
0.0100963 0.767699 0.114088 9.9973E-005 9.9973E-005 9.9973E-005 0.0487836 0.0590331
0.00776559 0.96203 0.00318205 0.0266225 9.9964E-005 9.9964E-005 9.9964E-005 9.9964E-005
0.0227244 0.569909 0.109648 0.0842558 0.0751459 9.9991E-005 0.0854181 0.0527986
0.00702974 0.769108 9.9991E-005 0.100759 0.0217893 0.0221515 0.0558707 0.0231922
0.0281478 0.797396 9.9973E-005 0.0609856 0.113035 0.000136178 9.9973E-005 9.9973E-005
0.0653777 0.813256 0.0875676 0.0179487 9.99729E-005 0.0155503 9.99729E-005 9.99729E-005
9.99551E-005 9.99551E-005 9.99551E-005 9.99551E-005 0.00938894 0.969371 9.99551E-005 0.0207401
9.994E-005 9.994E-005 9.994E-005 9.994E-005 9.994E-005 0.9993 9.994E-005 9.994E-005
0.0213481 9.9973E-005 0.0291581 9.9973E-005 0.0246829 0.914546 0.00996486 9.9973E-005
9.9964E-005 0.00945015 0.0128307 0.0142563 9.9964E-005 0.963063 9.9964E-005 9.9964E-005
9.994E-005 9.994E-005 9.994E-005 9.994E-005 9.994E-005 0.9993 9.994E-005 9.994E-005
0.0483461 0.0245723 9.9991E-005 0.0596037 0.0365108 0.718719 0.0544059 0.0577417
9.994E-005 9.994E-005 9.994E-005 9.994E-005 9.994E-005 0.9993 9.994E-005 9.994E-005
9.994E-005 9.994E-005 9.994E-005 9.994E-005 9.994E-005 0.9993 9.994E-005 9.994E-005
9.994E-005 9.994E-005 9.994E-005 9.994E-005 0.9993 9.994E-005 9.994E-005 9.994E-005
9.99459E-005 9.99459E-005 9.99459E-005 9.99459E-005 0.998793 0.000607815 9.99459E-005 9.99459E-005
9.994E-005 9.994E-005 9.994E-005 9.994E-005 0.9993 9.994E-005 9.994E-005 9.994E-005
0.111841 0.197361 0.0419009 0.627056 0.0182066 0.00343405 9.9982E-005 9.9982E-005
0.180987 9.9991E-005 0.0301162 0.445779 0.219762 0.0249005 0.0875938 0.0107615
0.0149456 0.24333 0.0514844 0.15034 0.483054 9.9982E-005 0.0566456 9.9982E-005
9.994E-005 9.994E-005 9.994E-005 9.994E-005 9.994E-005 9.994E-005 0.9993 9.994E-005
0.0202703 0.0350961 9.99729E-005 0.114583 9.99729E-005 0.00283515 0.826915 9.99729E-005
9.99459E-005 9.99459E-005 9.99459E-005 0.00248954 9.99459E-005 9.99459E-005 0.996911 9.99459E-005
9.9982E-005 9.9982E-005 0.00168614 0.0608419 0.0270269 0.0228705 0.859874 0.0275006
9.99551E-005 0.902629 0.0315588 9.99551E-005 9.99551E-005 9.99551E-005 0.0653122 9.99551E-005
9.9955E-005 9.9955E-005 9.9955E-005 9.9955E-005 9.9955E-005 0.0046223 0.984266 0.0106119
9.9946E-005 9.9946E-005 0.0188798 9.9946E-005 9.9946E-005 9.9946E-005 0.98052 9.9946E-005
9.9973E-005 9.9973E-005 0.0109554 9.9973E-005 0.0406535 0.000178412 0.940175 0.00773798
0.0246937 9.9964E-005 9.9964E-005 0.0828244 0.0108265 9.9964E-005 0.881256 9.9964E-005
9.9955E-005 0.0426961 9.9955E-005 9.9955E-005 0.0227981 9.9955E-005 0.934006 9.9955E-005
9.99639E-005 0.434978 0.00539604 9.99639E-005 9.99639E-005 9.99639E-005 0.522365 0.0368611
9.99549E-005 0.180501 0.150086 9.99549E-005 9.99549E-005 9.99549E-005 9.99549E-005 0.668913
9.9946E-005 9.9946E-005 9.9946E-005 9.9946E-005 9.9946E-005 9.9946E-005 0.0154109 0.983989
9.99639E-005 9.99639E-005 0.144466 0.084566 0.0195717 9.99639E-005 9.99639E-005 0.750996
0.0520521 0.0275525 0.291628 0.125539 0.0247814 0.0102274 0.00589817 0.462321
0.0595699 0.254232 0.0843349 0.00879391 0.00658545 0.0184737 9.9991E-005 0.56791
9.994E-005 9.994E-005 0.9993 9.994E-005 9.994E-005 9.994E-005 9.994E-005 9.994E-005
9.994E-005 9.994E-005 9.994E-005 9.994E-005 9.994E-005 9.994E-005 9.994E-005 0.9993
9.994E-005 9.994E-005 0.9993 9.994E-005 9.994E-005 9.994E-005 9.994E-005 9.994E-005
9.99729E-005 0.309007 0.0966223 0.0310178 9.99729E-005 0.0293847 9.99729E-005 0.533668
0.0139456 0.349341 0.350999 9.9973E-005 0.0328063 9.9973E-005 9.9973E-005 0.252609
9.9955E-005 9.9955E-005 0.115312 9.9955E-005 9.9955E-005 9.9955E-005 0.0053318 0.878857
0.163127 0.362442 0.0134786 0.184677 0.101399 0.00871237 0.136601 0.0295633
0.517059 0.108211 0.0275583 9.9991E-005 0.2511 0.0289935 0.0471922 0.0197864
0.9993 9.994E-005 9.994E-005 9.994E-005 9.994E-005 9.994E-005 9.994E-005 9.994E-005
0.553287 0.132468 9.9982E-005 0.00399644 0.270221 9.9982E-005 0.0371828 0.00264464
0.9993 9.994E-005 9.994E-005 9.994E-005 9.994E-005 9.994E-005 9.994E-005 9.994E-005
0.9993 9.994E-005 9.994E-005 9.994E-005 9.994E-005 9.994E-005 9.994E-005 9.994E-005
0.9993 9.994E-005 9.994E-005 9.994E-005 9.994E-005 9.994E-005 9.994E-005 9.994E-005
0.727581 0.131081 0.0183153 9.998E-005 0.0734657 0.00749059 0.0418657 9.998E-005
0.587133 0.0769116 0.0302059 9.9982E-005 0.253876 9.9982E-005 0.0358698 0.0158043
9.9955E-005 0.0114564 9.9955E-005 0.986934 0.00111015 9.9955E-005 9.9955E-005 9.9955E-005
0.0189092 9.9991E-005 0.0279817 0.783807 0.0238149 0.0130345 0.0668468 0.0655059
9.9964E-005 9.9964E-005 0.00469111 0.873658 0.110074 0.0111772 9.9964E-005 9.9964E-005
9.994E-005 9.994E-005 9.994E-005 0.9993 9.994E-005 9.994E-005 9.994E-005 9.994E-005
9.9946E-005 9.9946E-005 9.9946E-005 0.947921 0.0514792 9.9946E-005 9.9946E-005 9.9946E-005
9.995E-005 9.995E-005 9.995E-005 0.896235 0.0899058 0.0133593 9.995E-005 9.995E-005
0.010411 9.9982E-005 0.0205707 0.884432 0.0447748 0.0102989 0.0293123 9.9982E-005
9.9955E-005 9.9955E-005 9.9955E-005 0.978296 0.013216 9.9955E-005 0.00798784 9.9955E-005
0.0264783 9.99459E-005 9.99459E-005 0.972922 9.99459E-005 9.99459E-005 9.99459E-005 9.99459E-005
9.994E-005 9.994E-005 9.994E-005 0.9993 9.994E-005 9.994E-005 9.994E-005 9.994E-005
0.00256414 9.9973E-005 0.00462073 0.972413 9.9973E-005 9.9973E-005 0.0161978 0.00390475
