9.999E-005 9.999E-005 0.9998
0.00456759 9.9991E-005 0.995332
0.023168 0.229971 0.746861
0.0157946 0.107442 0.876763
0.017015 0.0733383 0.909647
9.999E-005 9.999E-005 0.9998
9.999E-005 9.999E-005 0.9998
9.999E-005 0.17341 0.82649
0.0255963 0.116037 0.858367
9.9991E-005 0.159028 0.840872
0.0213876 0.0315565 0.947056
0.978782 0.00235897 0.0188586
0.9998 9.999E-005 9.999E-005
0.928749 0.0353759 0.035875
0.970908 0.0106767 0.0184157
0.9998 9.999E-005 9.999E-005
0.733535 0.128038 0.138427
0.9998 9.999E-005 9.999E-005
0.9998 9.999E-005 9.999E-005
9.9991E-005 0.84559 0.15431
0.0139551 0.782399 0.203645
0.0114312 0.799925 0.188643
0.00781459 0.698331 0.293855
0.0300779 0.769076 0.200846
0.00140937 0.570774 0.427817
9.9991E-005 0.34382 0.65608
9.9991E-005 0.408342 0.591558
9.9991E-005 0.360112 0.639788
0.0159303 0.3984 0.58567
9.999E-005 9.999E-005 0.9998
9.9991E-005 0.333153 0.666747
9.9991E-005 0.294567 0.705333
9.9991E-005 0.349402 0.650498
9.9991E-005 0.439979 0.559921
9.9991E-005 0.315108 0.684792
9.9991E-005 0.0792114 0.920689
0.0302159 0.0248739 0.94491
0.0292127 0.119614 0.851173
0.0328879 0.228962 0.73815
0.0163211 0.25172 0.731959
0.034171 0.0906157 0.875213
0.00573351 0.133529 0.860737
0.0245274 0.0999029 0.87557
9.9991E-005 0.109907 0.889993
0.0439504 0.078733 0.877317
0.00560555 0.0594676 0.934927
0.0250659 0.105814 0.86912
0.0130289 0.376271 0.6107
0.0200053 0.429295 0.5507
0.00370585 0.447409 0.548885
9.9991E-005 0.465477 0.534423
0.00327867 0.457816 0.538906
9.9991E-005 0.460961 0.538939
9.9991E-005 0.444575 0.555325
0.00720176 0.329204 0.663594
9.9991E-005 0.446187 0.553713
9.999E-005 0.9998 9.999E-005
0.0195774 0.887121 0.0933014
0.00731361 0.992586 9.9991E-005
9.999E-005 0.9998 9.999E-005
9.999E-005 0.9998 9.999E-005
0.00876529 0.991135 9.9991E-005
0.0150104 0.98489 9.9991E-005
9.999E-005 0.9998 9.999E-005
9.999E-005 0.9998 9.999E-005
9.999E-005 0.9998 9.999E-005
9.999E-005 0.9998 9.999E-005
