0.00700583 0.0345843 9.9973E-005 9.9973E-005 9.9973E-005 0.95811
0.0718558 0.0444739 9.9982E-005 9.9982E-005 0.00369681 0.879773
9.9982E-005 9.9982E-005 0.13559 0.234184 0.00997134 0.620055
9.9973E-005 9.9973E-005 9.9973E-005 0.121479 0.00592395 0.872297
9.9973E-005 9.9973E-005 9.9973E-005 0.0811857 0.00593044 0.912584
9.9982E-005 0.0232954 0.139761 9.9982E-005 0.00453869 0.832205
0.0223953 0.00818558 9.9973E-005 9.9973E-005 9.9973E-005 0.969119
0.0291034 0.0869143 0.140942 0.131972 9.9991E-005 0.610969
0.0176602 0.0495761 0.00218664 0.124392 0.0158721 0.790313
0.0450281 9.9973E-005 9.9973E-005 0.147704 9.9973E-005 0.806967
0.0866683 9.9991E-005 0.0502778 0.0127275 0.0185036 0.831723
0.00917699 9.9982E-005 0.000387246 0.0133814 0.976854 9.9982E-005
9.996E-005 9.996E-005 9.996E-005 9.996E-005 0.9995 9.996E-005
0.0365668 0.0242516 0.010529 0.00396837 0.924584 9.9991E-005
9.9982E-005 9.9982E-005 0.00771157 0.0120453 0.956571 0.023472
9.996E-005 9.996E-005 9.996E-005 9.996E-005 0.9995 9.996E-005
0.0239721 0.0578466 0.0825247 0.0589757 0.741906 0.034775
9.996E-005 9.996E-005 9.996E-005 9.996E-005 0.9995 9.996E-005
9.996E-005 9.996E-005 9.996E-005 9.996E-005 0.9995 9.996E-005
9.9964E-005 9.9964E-005 9.9964E-005 0.824019 9.9964E-005 0.175581
9.9982E-005 0.0362978 9.9982E-005 0.749175 0.00816998 0.206158
9.9991E-005 0.0113475 0.0169682 0.77969 0.00812423 0.18377
0.129015 9.9991E-005 0.0288638 0.637938 0.00450773 0.199576
0.169065 0.126915 0.0221961 0.63505 0.0334513 0.0133228
9.999E-005 0.0438556 0.0261928 0.524313 0.000591541 0.404947
9.996E-005 0.9995 9.996E-005 9.996E-005 9.996E-005 9.996E-005
0.0136539 0.841332 9.9991E-005 0.117561 0.000604708 0.0267487
9.996E-005 0.9995 9.996E-005 9.996E-005 9.996E-005 9.996E-005
9.9982E-005 0.834816 0.048373 0.0946113 0.0219994 9.9982E-005
9.9964E-005 0.0565989 9.9964E-005 9.9964E-005 9.9964E-005 0.943001
9.9973E-005 0.980034 0.0143539 9.9973E-005 0.00531218 9.9973E-005
9.996E-005 0.9995 9.996E-005 9.996E-005 9.996E-005 9.996E-005
0.0158593 0.944608 0.0392329 9.9973E-005 9.9973E-005 9.9973E-005
0.00944675 0.879242 9.9973E-005 0.111012 9.9973E-005 9.9973E-005
9.9973E-005 0.9504 9.9973E-005 9.9973E-005 0.00386943 0.045431
9.9973E-005 0.513513 0.0680548 9.9973E-005 9.9973E-005 0.418132
9.9973E-005 9.9973E-005 0.837988 9.9973E-005 0.00317754 0.158535
9.9964E-005 0.0627323 0.936868 9.9964E-005 9.9964E-005 9.9964E-005
9.9964E-005 9.9964E-005 0.912725 0.0868753 9.9964E-005 9.9964E-005
0.0515933 9.9982E-005 0.783742 0.133673 9.9982E-005 0.0307917
0.0883928 9.9982E-005 0.668567 9.9982E-005 0.0191492 0.223691
9.99778E-005 9.99778E-005 0.742983 0.0729885 9.99778E-005 0.183729
9.9964E-005 0.025871 0.973729 9.9964E-005 9.9964E-005 9.9964E-005
9.9973E-005 9.9973E-005 0.771886 0.0364013 9.9973E-005 0.191413
9.9982E-005 9.9982E-005 0.66527 0.0174707 0.0230633 0.293996
0.0181807 0.002725 0.592103 0.00908989 9.9991E-005 0.377802
9.996E-005 9.996E-005 0.9995 9.996E-005 9.996E-005 9.996E-005
0.175515 0.144207 0.0213089 0.265712 0.0110385 0.382219
0.5588 0.0508276 0.026262 0.18428 0.0320254 0.147805
0.9995 9.996E-005 9.996E-005 9.996E-005 9.996E-005 9.996E-005
0.604177 0.0310814 9.9982E-005 0.182918 9.9982E-005 0.181624
0.9995 9.996E-005 9.996E-005 9.996E-005 9.996E-005 9.996E-005
0.9995 9.996E-005 9.996E-005 9.996E-005 9.996E-005 9.996E-005
0.9995 9.996E-005 9.996E-005 9.996E-005 9.996E-005 9.996E-005
0.746956 0.0650309 0.0123998 9.9991E-005 0.00995962 0.165554
0.620948 0.0495995 0.0157883 0.165809 9.9991E-005 0.147755
9.9964E-005 0.00401355 9.9964E-005 0.995587 9.9964E-005 9.9964E-005
0.0236685 0.0466007 0.0900159 0.827433 0.0121817 9.9991E-005
0.0158936 9.9973E-005 9.9973E-005 0.970371 0.0134352 9.9973E-005
9.996E-005 9.996E-005 9.996E-005 0.9995 9.996E-005 9.996E-005
9.996E-005 9.996E-005 9.996E-005 0.9995 9.996E-005 9.996E-005
9.9964E-005 9.9964E-005 9.9964E-005 0.984309 0.0152907 9.9964E-005
0.0362275 0.0178858 0.0113838 0.922614 0.011789 9.9991E-005
9.996E-005 9.996E-005 9.996E-005 0.9995 9.996E-005 9.996E-005
0.0396694 9.99639E-005 9.99639E-005 0.959931 9.99639E-005 9.99639E-005
9.996E-005 9.996E-005 9.996E-005 0.9995 9.996E-005 9.996E-005
0.00935047 9.9973E-005 0.00840651 0.981943 9.9973E-005 9.9973E-005
