0.0096762 0.0193154 0.970708 9.9973E-005 9.9973E-005 9.9973E-005
0.0418709 0.0688134 0.844608 9.9982E-005 9.9982E-005 0.0445075
9.9982E-005 0.200908 0.46912 0.00825994 9.9982E-005 0.321512
9.9982E-005 0.0331147 0.771173 0.0197217 9.9982E-005 0.17579
9.9982E-005 0.0434407 0.809247 0.0179158 9.9982E-005 0.129196
0.0178446 0.208487 0.752124 9.9982E-005 9.9982E-005 0.0213446
0.0012577 0.0493455 0.948225 9.9982E-005 0.000971382 9.9982E-005
0.0675855 0.201674 0.552164 9.9982E-005 9.9982E-005 0.178377
0.0558381 0.0939928 0.676448 0.0275017 9.9991E-005 0.146119
9.999E-005 0.0207809 0.768111 0.013482 0.00937643 0.18815
9.9982E-005 0.115644 0.798547 0.0104317 9.9982E-005 0.0751778
9.9973E-005 0.00660296 9.9973E-005 0.980855 9.9973E-005 0.0122419
9.996E-005 9.996E-005 9.996E-005 0.9995 9.996E-005 9.996E-005
0.0271673 0.00986677 0.000678681 0.933568 0.0131241 0.0155955
0.00215831 0.00564045 0.0229553 0.956322 0.00911886 0.00380512
9.996E-005 9.996E-005 9.996E-005 0.9995 9.996E-005 9.996E-005
0.0571327 0.0971203 0.0249038 0.734817 0.0610211 0.0250056
9.996E-005 9.996E-005 9.996E-005 0.9995 9.996E-005 9.996E-005
9.996E-005 9.996E-005 9.996E-005 0.9995 9.996E-005 9.996E-005
9.996E-005 9.996E-005 9.996E-005 9.996E-005 9.996E-005 0.9995
0.00387883 9.9973E-005 9.9973E-005 0.000890989 9.9973E-005 0.99493
9.996E-005 9.996E-005 9.996E-005 9.996E-005 9.996E-005 0.9995
9.999E-005 0.0433175 0.263254 0.0112548 0.641202 0.0408718
0.115429 0.03386 0.079564 0.0250599 0.585845 0.160242
0.0415244 0.0295612 0.246198 0.00031637 0.0880742 0.594326
0.9995 9.996E-005 9.996E-005 9.996E-005 9.996E-005 9.996E-005
0.82362 9.9991E-005 0.0460887 0.00507887 0.114483 0.0106294
0.998637 9.9964E-005 9.9964E-005 9.9964E-005 0.000962661 9.9964E-005
0.83959 0.0198435 9.9991E-005 0.028687 0.033691 0.0780883
0.0306224 0.0407235 0.928354 9.9973E-005 9.9973E-005 9.9973E-005
0.965815 0.028244 9.9973E-005 0.00564058 9.9973E-005 9.9973E-005
0.9995 9.996E-005 9.996E-005 9.996E-005 9.996E-005 9.996E-005
0.953239 0.010948 9.9982E-005 0.00209857 9.9982E-005 0.0335139
0.889128 9.9964E-005 9.9964E-005 9.9964E-005 0.110472 9.9964E-005
0.965399 9.9973E-005 0.0130316 9.9973E-005 9.9973E-005 0.0212691
0.502137 0.0838356 0.413727 9.9973E-005 9.9973E-005 9.9973E-005
9.9964E-005 0.857206 0.142394 9.9964E-005 9.9964E-005 9.9964E-005
0.0704234 0.929177 9.9964E-005 9.9964E-005 9.9964E-005 9.9964E-005
9.9973E-005 0.918877 9.9973E-005 9.9973E-005 0.0250478 0.0557757
9.9982E-005 0.749721 0.0812531 9.9982E-005 0.166544 0.00228188
9.9982E-005 0.670524 0.285866 0.0212283 9.9982E-005 0.0221813
9.9973E-005 0.728478 0.200532 9.9973E-005 0.0706901 9.9973E-005
0.0408071 0.958793 9.9964E-005 9.9964E-005 9.9964E-005 9.9964E-005
9.9973E-005 0.801746 0.170233 9.9973E-005 0.0277218 9.9973E-005
9.9982E-005 0.690203 0.274102 0.0279737 9.9982E-005 0.00752142
0.00486271 0.609818 0.35292 9.9982E-005 9.9982E-005 0.0321998
0.00423111 0.995369 9.9964E-005 9.9964E-005 9.9964E-005 9.9964E-005
0.134817 0.0459536 0.465191 0.010496 0.28068 0.0628619
9.9973E-005 9.9973E-005 0.541025 0.0182917 0.440383 9.9973E-005
9.9964E-005 9.9964E-005 0.588078 9.9964E-005 0.411522 9.9964E-005
9.9964E-005 9.9964E-005 0.576576 9.9964E-005 0.423024 9.9964E-005
9.99639E-005 9.99639E-005 0.578931 9.99639E-005 0.42067 9.99639E-005
9.99639E-005 9.99639E-005 0.577434 9.99639E-005 0.422166 9.99639E-005
9.99639E-005 9.99639E-005 0.576612 9.99639E-005 0.422988 9.99639E-005
0.024423 9.9982E-005 0.668958 0.0017438 0.304675 9.9982E-005
9.9964E-005 9.9964E-005 0.575095 9.9964E-005 0.424505 9.9964E-005
9.9964E-005 9.9964E-005 9.9964E-005 9.9964E-005 0.945066 0.0545342
0.0319334 0.107868 9.9991E-005 0.00685077 0.771623 0.0816245
9.9973E-005 9.9973E-005 9.9973E-005 0.0122406 0.865519 0.12194
9.996E-005 9.996E-005 9.996E-005 9.996E-005 0.9995 9.996E-005
9.9964E-005 9.9964E-005 9.9964E-005 9.9964E-005 0.920983 0.0786172
9.9973E-005 9.9973E-005 9.9973E-005 0.00923847 0.883252 0.10721
0.0173473 0.0205312 9.9991E-005 0.0166056 0.839722 0.105693
9.9964E-005 9.9964E-005 9.9964E-005 9.9964E-005 0.951414 0.0481857
9.9973E-005 9.9973E-005 9.9973E-005 0.000242835 0.985742 0.0137154
9.996E-005 9.996E-005 9.996E-005 9.996E-005 0.9995 9.996E-005
0.00329447 0.0165741 9.9982E-005 9.9982E-005 0.959858 0.0200734
