9.999E-005 9.999E-005 0.9998
9.999E-005 0.00974968 0.99015
0.2315 0.0195726 0.748928
0.111721 0.0231461 0.865133
0.0681797 0.0170374 0.914783
9.999E-005 0.00713766 0.992762
9.999E-005 9.999E-005 0.9998
0.171371 9.9991E-005 0.828529
0.119698 0.0169511 0.863351
0.154214 0.00500108 0.840785
0.0291708 0.0207787 0.950051
0.0142951 0.977533 0.00817233
9.999E-005 0.9998 9.999E-005
0.0404424 0.92366 0.0358972
0.0131674 0.959516 0.027317
9.999E-005 0.9998 9.999E-005
0.104442 0.723853 0.171705
9.999E-005 0.9998 9.999E-005
9.999E-005 0.9998 9.999E-005
0.853876 9.9991E-005 0.146024
0.759089 0.017276 0.223635
0.790146 0.0103106 0.199544
0.71402 0.00721698 0.278763
0.765511 0.0270155 0.207473
0.554804 0.00251876 0.442677
0.357472 9.9991E-005 0.642428
0.413522 9.9991E-005 0.586378
0.357665 9.9991E-005 0.642235
0.408846 0.0180983 0.573055
9.999E-005 9.999E-005 0.9998
0.340925 9.9991E-005 0.658975
0.305168 9.9991E-005 0.694732
0.361565 9.9991E-005 0.638335
0.446034 9.9991E-005 0.553866
0.326796 9.9991E-005 0.673104
0.0941061 0.0020123 0.903882
0.000296375 0.044169 0.955535
0.119065 0.0233409 0.857594
0.218225 0.0266817 0.755093
0.256911 0.0164221 0.726667
0.0970244 0.0381774 0.864798
0.146648 0.00615439 0.847197
0.104096 0.0226125 0.873291
0.119749 0.00255138 0.8777
0.0830645 0.0406041 0.876331
0.0708768 0.00564265 0.923481
0.101068 0.0265652 0.872367
0.380461 0.00926493 0.610274
0.4734 0.0206884 0.505911
0.443909 0.00150919 0.554582
0.470725 9.9991E-005 0.529176
0.46451 9.9991E-005 0.53539
0.457856 9.9991E-005 0.542044
0.455546 9.9991E-005 0.544354
0.336761 0.00847581 0.654763
0.45805 9.9991E-005 0.54185
0.9998 9.999E-005 9.999E-005
0.89268 0.0197244 0.0875952
0.989265 0.0106348 9.9991E-005
0.9998 9.999E-005 9.999E-005
0.9998 9.999E-005 9.999E-005
0.988776 0.0111238 9.9991E-005
0.983345 0.0165548 9.9991E-005
0.9998 9.999E-005 9.999E-005
0.9998 9.999E-005 9.999E-005
0.9998 9.999E-005 9.999E-005
0.9998 9.999E-005 9.999E-005
