0.12988 9.9982E-005 0.735128 9.9982E-005 0.134792
0.163766 9.9982E-005 0.696918 9.9982E-005 0.139117
0.0884575 0.191448 0.646905 0.0155483 0.057642
0.0592001 0.101081 0.770261 0.00692795 0.0625293
0.0742986 0.048677 0.757435 0.0152402 0.104349
0.0902271 9.9982E-005 0.816634 9.9982E-005 0.0929388
0.125889 9.9982E-005 0.757003 9.9982E-005 0.116908
0.10587 0.104705 0.649971 9.9991E-005 0.139354
0.121985 0.044933 0.648719 0.0215346 0.162828
0.19976 0.0807818 0.649431 9.9991E-005 0.0699269
0.180297 9.9991E-005 0.750283 0.0122024 0.0571186
9.999E-005 0.010797 0.00881082 0.978215 0.00207737
9.997E-005 9.997E-005 9.997E-005 0.9996 9.997E-005
0.0332027 0.0211818 0.00973694 0.920909 0.0149698
0.00811289 0.00211553 0.0184126 0.971259 9.9991E-005
9.997E-005 9.997E-005 9.997E-005 0.9996 9.997E-005
0.0065509 0.107048 0.0921598 0.723718 0.0705234
9.997E-005 9.997E-005 9.997E-005 0.9996 9.997E-005
9.997E-005 9.997E-005 9.997E-005 0.9996 9.997E-005
9.9982E-005 0.805402 0.168214 9.9982E-005 0.0261834
0.00908615 0.721459 0.166733 0.00990562 0.0928169
9.999E-005 0.772164 0.194813 0.00738962 0.0255325
0.162643 0.611078 0.213282 0.00725428 0.0057421
0.171853 0.633634 0.0297853 0.0280573 0.136671
0.050854 0.508386 0.360922 9.9991E-005 0.0797377
9.997E-005 9.997E-005 9.997E-005 9.997E-005 0.9996
0.0262482 0.107134 0.00494594 0.0119381 0.849734
9.9973E-005 0.0100887 9.9973E-005 9.9973E-005 0.989611
9.9991E-005 0.109116 0.000501843 0.026311 0.863971
0.0460439 9.9982E-005 0.809639 9.9982E-005 0.144117
9.9982E-005 0.00726861 9.9982E-005 0.00815164 0.98438
9.997E-005 9.997E-005 9.997E-005 9.997E-005 0.9996
0.0146013 0.0259695 9.9991E-005 0.0029775 0.956352
0.00173509 0.115262 9.9982E-005 9.9982E-005 0.882803
9.9973E-005 9.9973E-005 0.0395583 9.9973E-005 0.960142
9.9973E-005 9.9973E-005 0.430166 9.9973E-005 0.569534
9.9982E-005 0.0242499 0.962162 0.0133885 9.9982E-005
9.9991E-005 0.136878 0.844062 0.012651 0.00630991
9.9973E-005 0.212364 0.787336 9.9973E-005 9.9973E-005
0.0117821 0.256438 0.727393 0.00428698 9.9991E-005
0.0710451 0.0777513 0.8258 0.0253036 9.9991E-005
9.9973E-005 0.167018 0.832682 9.9973E-005 9.9973E-005
9.9982E-005 0.126433 0.862564 0.0108024 9.9982E-005
9.9973E-005 0.125862 0.873838 9.9973E-005 9.9973E-005
9.9982E-005 0.0946447 0.880293 0.0248628 9.9982E-005
0.0289128 0.0757182 0.887579 9.9991E-005 0.00769007
9.9982E-005 0.107228 0.890213 0.00235907 9.9982E-005
0.236736 0.235466 0.335693 0.00691851 0.185187
0.610106 0.145161 0.129673 0.0264353 0.0886252
0.9996 9.997E-005 9.997E-005 9.997E-005 9.997E-005
0.653231 0.1502 0.118905 9.9991E-005 0.0775644
0.9996 9.997E-005 9.997E-005 9.997E-005 9.997E-005
0.9996 9.997E-005 9.997E-005 9.997E-005 9.997E-005
0.9996 9.997E-005 9.997E-005 9.997E-005 9.997E-005
0.813616 9.9991E-005 0.121138 0.00523403 0.0599119
0.696375 0.135831 0.122143 9.9991E-005 0.0455511
9.997E-005 0.9996 9.997E-005 9.997E-005 9.997E-005
0.0382381 0.837065 0.0684383 0.0164201 0.0398388
0.0187509 0.968599 9.9982E-005 0.0124498 9.9982E-005
9.997E-005 0.9996 9.997E-005 9.997E-005 9.997E-005
9.997E-005 0.9996 9.997E-005 9.997E-005 9.997E-005
9.9973E-005 0.986711 9.9973E-005 0.0129895 9.9973E-005
0.0395399 0.923926 9.9991E-005 0.0097134 0.0267208
9.997E-005 0.9996 9.997E-005 9.997E-005 9.997E-005
0.0285593 0.971141 9.9973E-005 9.9973E-005 9.9973E-005
9.997E-005 0.9996 9.997E-005 9.997E-005 9.997E-005
9.9973E-005 0.996989 9.9973E-005 9.9973E-005 0.00271072
