9.9982E-005 9.9982E-005 0.840278 0.159522
9.9982E-005 9.9982E-005 0.8247 0.1751
0.224765 0.0106375 0.721235 0.0433621
0.107455 0.00938691 0.824202 0.0589559
0.061757 0.0131283 0.816504 0.108611
9.9982E-005 9.9982E-005 0.896904 0.102896
9.9982E-005 9.9982E-005 0.863977 0.135823
0.130394 9.9991E-005 0.697906 0.1716
0.0825287 0.0178845 0.747486 0.1521
0.126398 9.9991E-005 0.77849 0.0950123
0.0062231 0.0148375 0.881736 0.0972036
0.00850148 0.972893 0.0185053 9.9991E-005
9.998E-005 0.9997 9.998E-005 9.998E-005
0.0223496 0.924409 0.0148442 0.0383976
0.00603727 0.962949 0.0309137 9.9991E-005
9.998E-005 0.9997 9.998E-005 9.998E-005
0.0885193 0.726473 0.170011 0.014997
9.998E-005 0.9997 9.998E-005 9.998E-005
9.998E-005 0.9997 9.998E-005 9.998E-005
0.806414 9.9991E-005 0.152887 0.0405991
0.732397 0.00592719 0.181292 0.0803829
0.766315 0.00785297 0.193256 0.0325763
0.686659 0.00725066 0.261756 0.0443349
0.708808 0.0315532 0.103935 0.155704
0.531802 9.9991E-005 0.375728 0.0923703
9.998E-005 9.998E-005 9.998E-005 0.9997
0.125167 0.0135113 9.9991E-005 0.861222
9.998E-005 9.998E-005 9.998E-005 0.9997
0.123055 0.0324394 0.00378344 0.840722
9.9982E-005 9.9982E-005 0.861608 0.138192
0.0169983 0.00522861 9.9991E-005 0.977673
9.998E-005 9.998E-005 9.998E-005 0.9997
0.0249891 0.00334076 9.9991E-005 0.97157
0.117178 9.9982E-005 9.9982E-005 0.882622
0.0123867 0.000269698 9.9991E-005 0.987244
9.9982E-005 9.9982E-005 0.447297 0.552503
0.0146071 0.0119645 0.973328 9.9991E-005
0.123214 0.015488 0.858148 0.00315055
0.202547 0.0134252 0.783928 9.9991E-005
0.255523 0.00447495 0.739902 9.9991E-005
0.0864139 0.0251925 0.888294 9.9991E-005
0.141608 9.9982E-005 0.858192 9.9982E-005
0.0914461 0.0167654 0.891688 9.9991E-005
0.0919582 9.9982E-005 0.907842 9.9982E-005
0.0681031 0.0270518 0.904745 9.9991E-005
0.0637422 9.9991E-005 0.923546 0.0126117
0.102364 0.0093448 0.888192 9.9991E-005
0.312698 0.00870298 0.447461 0.231138
0.391984 0.0221087 0.430942 0.154965
0.405575 0.00427085 0.437527 0.152628
0.405323 9.9991E-005 0.435519 0.159058
0.438758 0.00567441 0.411363 0.144205
0.425178 9.9991E-005 0.416125 0.158597
0.420057 9.9991E-005 0.441375 0.138468
0.287411 0.00752919 0.490266 0.214794
0.416603 9.9991E-005 0.430761 0.152536
0.9997 9.998E-005 9.998E-005 9.998E-005
0.850214 0.0202959 0.0566518 0.072838
0.991983 0.00781727 9.9982E-005 9.9982E-005
0.9997 9.998E-005 9.998E-005 9.998E-005
0.9997 9.998E-005 9.998E-005 9.998E-005
0.991745 0.00805528 9.9982E-005 9.9982E-005
0.962926 0.0145539 9.9991E-005 0.0224199
0.9997 9.998E-005 9.998E-005 9.998E-005
0.9997 9.998E-005 9.998E-005 9.998E-005
0.9997 9.998E-005 9.998E-005 9.998E-005
0.982798 9.9982E-005 9.9982E-005 0.0170016
