9.9955E-005 0.0110472 9.9955E-005 9.9955E-005 0.972578 9.9955E-005 0.0158747 9.9955E-005
0.0633376 0.0367494 9.9964E-005 9.9964E-005 0.888607 0.0109063 9.9964E-005 9.9964E-005
0.00497931 9.9991E-005 0.164179 0.0105062 0.565398 0.00749188 0.111395 0.13595
9.9955E-005 9.9955E-005 9.9955E-005 9.9955E-005 0.876016 0.00872433 0.11476 9.9955E-005
9.99549E-005 9.99549E-005 9.99549E-005 0.0105968 0.891106 9.99549E-005 0.0977974 9.99549E-005
9.9973E-005 0.0310752 9.9973E-005 9.9973E-005 0.816335 0.00358605 0.00516693 0.143537
9.9955E-005 0.0151818 9.9955E-005 9.9955E-005 0.963764 9.9955E-005 0.0205541 9.9955E-005
0.0285254 0.0782682 0.0648405 9.9982E-005 0.590723 9.9982E-005 0.0890612 0.148382
0.0050093 0.0371499 0.0403031 0.0254464 0.762387 9.9991E-005 0.107501 0.0221034
0.0391431 9.9964E-005 0.12551 9.9964E-005 0.782445 9.9964E-005 0.0525016 9.9964E-005
0.0663171 9.99729E-005 0.0144751 0.0170762 0.835855 9.99729E-005 9.99729E-005 0.0659763
9.99641E-005 0.00666899 0.0197546 0.954064 9.99641E-005 9.99641E-005 9.99641E-005 0.0191129
9.9946E-005 9.9946E-005 9.9946E-005 0.993134 9.9946E-005 0.00626628 9.9946E-005 9.9946E-005
0.0279654 0.024861 0.0235354 0.898084 9.9982E-005 0.0174046 9.9982E-005 0.00794968
0.00680504 9.9982E-005 0.00547132 0.956397 0.0116325 9.9982E-005 0.00701405 0.0124796
9.994E-005 9.994E-005 9.994E-005 0.9993 9.994E-005 9.994E-005 9.994E-005 9.994E-005
9.994E-005 9.994E-005 9.994E-005 9.994E-005 9.994E-005 0.9993 9.994E-005 9.994E-005
0.00211991 9.99549E-005 9.99549E-005 0.992596 0.00478403 9.99549E-005 9.99549E-005 9.99549E-005
9.994E-005 9.994E-005 9.994E-005 0.9993 9.994E-005 9.994E-005 9.994E-005 9.994E-005
9.994E-005 9.994E-005 0.9993 9.994E-005 9.994E-005 9.994E-005 9.994E-005 9.994E-005
9.99639E-005 0.0203354 0.964379 0.0053037 9.99639E-005 0.00958157 9.99639E-005 9.99639E-005
9.994E-005 9.994E-005 0.9993 9.994E-005 9.994E-005 9.994E-005 9.994E-005 9.994E-005
0.102228 0.000259717 0.0205138 0.00703085 0.215904 9.9991E-005 0.625624 0.0283395
0.188928 0.107352 0.196659 0.0160561 9.9991E-005 0.00321531 0.464439 0.0232505
0.0250129 0.0517967 0.376318 9.9982E-005 0.285513 9.9982E-005 0.223665 0.0374937
9.994E-005 0.9993 9.994E-005 9.994E-005 9.994E-005 9.994E-005 9.994E-005 9.994E-005
0.037395 0.825066 9.99729E-005 0.00536571 0.02608 9.99729E-005 0.105793 9.99729E-005
9.99459E-005 0.988816 9.99459E-005 9.99459E-005 9.99459E-005 9.99459E-005 0.010584 9.99459E-005
9.9982E-005 0.820733 0.0563162 0.0106046 9.9982E-005 0.0306915 0.0511408 0.0303141
9.99551E-005 0.0622887 9.99551E-005 9.99551E-005 0.924142 9.99551E-005 9.99551E-005 0.0130697
9.99665E-005 0.980768 9.99665E-005 0.00155953 9.99665E-005 0.00917289 9.99665E-005 0.00809975
9.994E-005 0.9993 9.994E-005 9.994E-005 9.994E-005 9.994E-005 9.994E-005 9.994E-005
0.00820192 0.953068 0.0217845 9.9964E-005 9.9964E-005 9.9964E-005 9.9964E-005 0.0165459
0.0210375 0.878709 0.0106971 9.9964E-005 9.9964E-005 9.9964E-005 0.089157 9.9964E-005
9.9955E-005 0.937758 0.0172749 9.9955E-005 0.0444674 9.9955E-005 9.9955E-005 9.9955E-005
9.99637E-005 0.515571 9.99637E-005 9.99637E-005 0.428198 9.99637E-005 9.99637E-005 0.0557308
9.99459E-005 9.99459E-005 9.99459E-005 9.99459E-005 0.15707 9.99459E-005 9.99459E-005 0.842331
9.9946E-005 0.0621499 9.9946E-005 9.9946E-005 9.9946E-005 9.9946E-005 9.9946E-005 0.93725
9.9955E-005 9.9955E-005 0.0405811 9.9955E-005 9.9955E-005 9.9955E-005 0.0509912 0.907928
0.056663 0.00500295 0.0210869 9.9982E-005 0.05065 9.9982E-005 0.117101 0.749296
0.0562879 9.9973E-005 0.0239993 0.0131892 0.239658 9.9973E-005 9.9973E-005 0.666566
9.9955E-005 9.9955E-005 9.9955E-005 9.9955E-005 0.233995 9.9955E-005 0.0759332 0.689572
9.9955E-005 0.0456537 0.00225473 9.9955E-005 9.9955E-005 9.9955E-005 9.9955E-005 0.951592
9.9955E-005 9.9955E-005 9.9955E-005 9.9955E-005 0.221287 9.9955E-005 0.0522293 0.725984
9.996E-005 9.996E-005 9.996E-005 0.026343 0.306876 9.996E-005 0.0112533 0.655128
0.00863983 0.00572634 0.03875 9.9973E-005 0.385264 9.9973E-005 9.9973E-005 0.56132
9.99461E-005 9.99461E-005 9.99461E-005 9.99461E-005 9.99461E-005 0.0016564 9.99461E-005 0.997744
0.16046 0.141954 0.115943 0.0112635 0.348847 0.00211224 0.180778 0.0386409
0.561565 0.0327232 0.190573 0.0248966 0.122201 9.9991E-005 0.0183043 0.0496369
0.9993 9.994E-005 9.994E-005 9.994E-005 9.994E-005 9.994E-005 9.994E-005 9.994E-005
0.596929 0.0325981 0.248011 0.000107882 0.121857 0.0002965 9.9982E-005 9.9982E-005
0.997279 9.99459E-005 9.99459E-005 9.99459E-005 9.99459E-005 9.99459E-005 0.00212128 9.99459E-005
0.9993 9.994E-005 9.994E-005 9.994E-005 9.994E-005 9.994E-005 9.994E-005 9.994E-005
0.9993 9.994E-005 9.994E-005 9.994E-005 9.994E-005 9.994E-005 9.994E-005 9.994E-005
0.735496 0.0249424 0.0787054 0.00494484 0.151182 9.998E-005 9.998E-005 0.00452991
0.648897 0.0190259 0.206549 9.9991E-005 0.100826 0.00118796 0.0107245 0.0126905
9.9946E-005 9.9946E-005 9.9946E-005 9.9946E-005 0.00580426 9.9946E-005 0.993596 9.9946E-005
0.0160036 0.0423371 0.0502949 0.00181862 9.9991E-005 0.0205632 0.773177 0.0957055
9.99551E-005 9.99551E-005 0.0648481 9.99551E-005 9.99551E-005 0.0225197 0.912132 9.99551E-005
9.994E-005 9.994E-005 9.994E-005 9.994E-005 9.994E-005 9.994E-005 0.9993 9.994E-005
9.9955E-005 9.9955E-005 0.0704977 9.9955E-005 9.9955E-005 0.00391936 0.925083 9.9955E-005
9.995E-005 9.995E-005 0.0805107 0.00880939 9.995E-005 9.995E-005 0.91018 9.995E-005
0.011591 0.0270581 0.0816133 0.0117099 9.9982E-005 9.9982E-005 0.854208 0.0136194
9.9964E-005 0.0122249 0.0187353 9.9964E-005 9.9964E-005 0.00512404 0.963516 9.9964E-005
0.0347019 9.99459E-005 9.99459E-005 9.99459E-005 9.99459E-005 9.99459E-005 0.964698 9.99459E-005
9.994E-005 9.994E-005 9.994E-005 9.994E-005 9.994E-005 9.994E-005 0.9993 9.994E-005
0.00685063 0.0145633 9.9964E-005 9.9964E-005 9.9964E-005 9.9964E-005 0.975895 0.00229088
