0.137877 9.9973E-005 9.9973E-005 0.861823 9.9973E-005
0.146285 9.9973E-005 9.9973E-005 0.853415 9.9973E-005
0.0265708 0.0216406 9.9991E-005 0.721915 0.229774
0.0335866 9.9991E-005 0.0259023 0.830524 0.109887
0.0783866 0.0146948 9.9991E-005 0.835889 0.0709299
0.104067 9.9973E-005 9.9973E-005 0.895634 9.9973E-005
0.143427 9.9973E-005 9.9973E-005 0.856273 9.9973E-005
0.129267 9.9982E-005 9.9982E-005 0.732655 0.137878
0.133338 0.0229706 9.9991E-005 0.750594 0.0929981
0.0794219 0.00287566 0.00139502 0.780184 0.136123
0.0989879 0.0147179 9.9982E-005 0.886094 9.9982E-005
0.0082096 0.972786 0.00298599 0.00461881 0.0113995
9.9973E-005 0.999117 0.000583412 9.9973E-005 9.9973E-005
0.0299138 0.921491 0.00101899 0.0174022 0.030174
9.999E-005 0.947072 0.0090519 0.0267245 0.0170516
9.997E-005 0.9996 9.997E-005 9.997E-005 9.997E-005
9.997E-005 9.997E-005 0.9996 9.997E-005 9.997E-005
9.9973E-005 0.999452 9.9973E-005 0.000247959 9.9973E-005
9.9973E-005 0.998053 0.00164662 9.9973E-005 9.9973E-005
0.0519877 9.9982E-005 9.9982E-005 0.133081 0.814732
0.104136 0.0168884 9.9991E-005 0.156268 0.722607
0.0300837 0.00213879 0.0117908 0.177697 0.77829
0.0534036 0.00733241 9.9991E-005 0.259116 0.680048
0.148934 0.0277039 9.9991E-005 0.10944 0.713822
0.0836165 9.9991E-005 0.0035561 0.384078 0.52865
0.9996 9.997E-005 9.997E-005 9.997E-005 9.997E-005
0.849337 0.0118456 9.9991E-005 0.00638607 0.132331
0.9853 9.9973E-005 9.9973E-005 9.9973E-005 0.0143997
0.852492 0.00873322 0.0291734 9.9991E-005 0.109501
0.139258 9.9973E-005 9.9973E-005 0.860442 9.9973E-005
0.985343 9.9982E-005 0.00919114 9.9982E-005 0.00526565
0.998266 0.00143379 9.9973E-005 9.9973E-005 9.9973E-005
0.967409 0.00105916 0.00442078 9.9991E-005 0.0270107
0.867788 9.9973E-005 9.9973E-005 9.9973E-005 0.131912
0.988975 9.9973E-005 0.0107252 9.9973E-005 9.9973E-005
0.536938 9.99729E-005 9.99729E-005 0.462762 9.99729E-005
9.9991E-005 0.00380801 0.0199045 0.962778 0.0134099
0.00618634 9.9991E-005 0.0498646 0.826581 0.117268
9.9991E-005 0.000526183 0.0165066 0.77005 0.212817
9.9982E-005 9.9982E-005 0.0120231 0.729079 0.258698
9.9991E-005 0.0238702 0.0023966 0.887521 0.0861118
9.9982E-005 9.9982E-005 0.00276448 0.859418 0.137617
9.9982E-005 9.9982E-005 0.039933 0.859017 0.10085
9.9973E-005 9.9973E-005 9.9973E-005 0.887663 0.112037
9.9991E-005 0.0260846 0.0161362 0.886648 0.0710311
9.9982E-005 9.9982E-005 0.00387933 0.929795 0.0661258
9.9982E-005 9.9982E-005 0.0466881 0.859531 0.093581
0.213632 9.9991E-005 0.0152641 0.452339 0.318664
0.142936 0.0222191 9.9991E-005 0.433118 0.401627
0.127784 9.9991E-005 0.00674011 0.458195 0.40718
0.151898 9.9982E-005 9.9982E-005 0.438384 0.409518
0.107197 0.00121475 9.9991E-005 0.44844 0.443048
0.111164 9.9982E-005 9.9982E-005 0.45425 0.434386
0.129171 9.9982E-005 9.9982E-005 0.454173 0.416456
0.179679 0.0125345 9.9991E-005 0.521919 0.285767
0.121279 9.9982E-005 9.9982E-005 0.465335 0.413186
9.997E-005 9.997E-005 9.997E-005 9.997E-005 0.9996
0.0416227 9.9991E-005 0.0342852 0.0701811 0.853811
9.9982E-005 0.00796418 0.00509213 9.9982E-005 0.986744
9.997E-005 9.997E-005 9.997E-005 9.997E-005 0.9996
9.997E-005 9.997E-005 9.997E-005 9.997E-005 0.9996
9.9973E-005 0.0113013 9.9973E-005 9.9973E-005 0.988399
0.0303732 0.0137808 0.00210977 9.9991E-005 0.953636
9.997E-005 9.997E-005 9.997E-005 9.997E-005 0.9996
9.997E-005 9.997E-005 9.997E-005 9.997E-005 0.9996
9.997E-005 9.997E-005 9.997E-005 9.997E-005 0.9996
0.00618809 9.9973E-005 9.9973E-005 9.9973E-005 0.993512
