9.9973E-005 0.971304 0.0269094 0.00148662 9.9973E-005 9.9973E-005
9.9982E-005 0.876112 0.0488209 0.0719268 9.9982E-005 0.00293991
0.235791 0.606189 9.9991E-005 0.0133383 0.0146334 0.129948
0.102877 0.893322 9.9973E-005 9.9973E-005 0.00350185 9.9973E-005
0.0933463 0.903483 9.9973E-005 9.9973E-005 0.00287108 9.9973E-005
9.9982E-005 0.809979 0.0329172 0.0132129 9.9982E-005 0.143691
9.9973E-005 0.982457 0.00809098 0.00915206 9.9973E-005 9.9973E-005
0.133438 0.617319 0.0625926 0.0450417 9.9991E-005 0.141509
0.114456 0.785242 0.0569343 0.0107514 0.0179623 0.0146542
0.141503 0.795717 9.9982E-005 0.0623358 0.000244886 9.9982E-005
0.00657884 0.805547 9.9991E-005 0.0909273 0.0118406 0.0850066
9.9973E-005 9.9973E-005 0.00810178 9.9973E-005 0.977214 0.0143847
9.996E-005 9.996E-005 9.996E-005 9.996E-005 0.9995 9.996E-005
0.0101003 9.9991E-005 0.014642 0.0280482 0.922587 0.0245229
0.00444339 0.00780712 9.9991E-005 0.00575182 0.971083 0.0108144
9.996E-005 9.996E-005 9.996E-005 9.996E-005 0.9995 9.996E-005
0.104769 0.0636025 0.0431071 0.0207417 0.725446 0.0423341
9.996E-005 9.996E-005 9.996E-005 9.996E-005 0.9995 9.996E-005
9.996E-005 9.996E-005 9.996E-005 9.996E-005 0.9995 9.996E-005
0.804521 0.195079 9.9964E-005 9.9964E-005 9.9964E-005 9.9964E-005
0.732005 0.221262 0.0390653 9.9982E-005 0.00746779 9.9982E-005
0.775766 0.204241 9.9982E-005 9.9982E-005 0.00100816 0.0187854
0.63976 0.207084 0.00315883 0.117832 0.00323613 0.0289291
0.634942 0.0209697 0.130885 0.152065 0.0341123 0.0270255
0.538543 0.396964 0.0383395 9.9982E-005 9.9982E-005 0.0259542
9.996E-005 9.996E-005 0.9995 9.996E-005 9.996E-005 9.996E-005
0.112954 0.0233371 0.831905 0.0212939 0.0104104 9.9991E-005
0.0113084 9.9964E-005 0.988292 9.9964E-005 9.9964E-005 9.9964E-005
0.0989286 9.9982E-005 0.849187 9.9982E-005 0.0270564 0.0246278
9.9964E-005 0.959074 0.0405266 9.9964E-005 9.9964E-005 9.9964E-005
9.9982E-005 9.9982E-005 0.985233 0.00234788 0.00143783 0.0107812
9.996E-005 9.996E-005 0.9995 9.996E-005 9.996E-005 9.996E-005
9.9982E-005 9.9982E-005 0.947041 0.0243529 0.00153942 0.0268672
0.101758 9.9973E-005 0.88807 0.00987287 9.9973E-005 9.9973E-005
9.9964E-005 0.046908 0.952692 9.9964E-005 9.9964E-005 9.9964E-005
9.9973E-005 0.43714 0.512496 9.9973E-005 9.9973E-005 0.0500637
9.9964E-005 0.153391 9.9964E-005 9.9964E-005 9.9964E-005 0.846209
9.9964E-005 9.9964E-005 0.0669864 9.9964E-005 9.9964E-005 0.932614
0.0859173 9.9964E-005 9.9964E-005 9.9964E-005 9.9964E-005 0.913683
0.139791 0.0395497 0.00923929 0.0531871 0.00158361 0.75665
9.9982E-005 0.231627 9.9982E-005 0.0802692 0.0207066 0.667197
0.0572715 0.184786 0.00192286 0.0112163 9.9991E-005 0.744703
9.9973E-005 9.9973E-005 0.0357462 0.00541757 9.9973E-005 0.958536
0.00641498 0.182762 9.9973E-005 9.9973E-005 9.9973E-005 0.810523
0.0109244 0.279831 9.9982E-005 9.9982E-005 0.0261477 0.682897
0.00162223 0.404219 9.9982E-005 0.0328676 9.9982E-005 0.561091
9.996E-005 9.996E-005 9.996E-005 9.996E-005 9.996E-005 0.9995
0.264076 0.378439 0.146342 0.164773 0.0123299 0.0340411
0.165821 0.166513 0.0558725 0.539284 0.031561 0.0409487
9.996E-005 9.996E-005 9.996E-005 0.9995 9.996E-005 9.996E-005
0.185484 0.184247 0.0526824 0.577387 9.9982E-005 9.9982E-005
9.996E-005 9.996E-005 9.996E-005 0.9995 9.996E-005 9.996E-005
9.996E-005 9.996E-005 9.996E-005 0.9995 9.996E-005 9.996E-005
9.996E-005 9.996E-005 9.996E-005 0.9995 9.996E-005 9.996E-005
9.9991E-005 0.149485 0.0474045 0.775193 0.0108028 0.0170147
0.164917 0.162948 0.0248851 0.616847 9.9991E-005 0.0303026
0.997148 9.9964E-005 0.0024518 9.9964E-005 9.9964E-005 9.9964E-005
0.807425 9.9991E-005 0.0308865 0.0471075 0.0189258 0.0955557
0.967793 9.9973E-005 9.9973E-005 0.0186214 0.0132858 9.9973E-005
0.9995 9.996E-005 9.996E-005 9.996E-005 9.996E-005 9.996E-005
0.9995 9.996E-005 9.996E-005 9.996E-005 9.996E-005 9.996E-005
0.988895 9.9964E-005 9.9964E-005 9.9964E-005 0.0107052 9.9964E-005
0.928223 9.9991E-005 0.0239563 0.0175074 0.012481 0.0177327
0.9995 9.996E-005 9.996E-005 9.996E-005 9.996E-005 9.996E-005
0.955703 9.99639E-005 9.99639E-005 0.0438968 9.99639E-005 9.99639E-005
0.9995 9.996E-005 9.996E-005 9.996E-005 9.996E-005 9.996E-005
0.999262 9.9964E-005 9.9964E-005 0.000337669 9.9964E-005 9.9964E-005
