9.9982E-005 0.745225 0.12779 9.9982E-005 0.126785
9.9982E-005 0.704936 0.156424 9.9982E-005 0.13844
0.0123164 0.650971 0.0886206 0.208942 0.0391508
0.00884433 0.765775 0.0604793 0.101194 0.0637073
0.00955793 0.75951 0.0768841 0.045027 0.10902
9.9982E-005 0.828637 0.0837527 9.9982E-005 0.08741
9.9982E-005 0.762266 0.123794 9.9982E-005 0.11374
9.999E-005 0.632479 0.115875 0.0909092 0.160637
0.0220051 0.651987 0.110576 0.0539508 0.161481
0.00166583 0.653271 0.184638 0.0806767 0.0797489
0.00920174 0.742177 0.186957 9.9991E-005 0.0615641
0.977142 0.0178243 9.9982E-005 0.00483367 9.9982E-005
0.9996 9.997E-005 9.997E-005 9.997E-005 9.997E-005
0.934992 9.9991E-005 0.0315554 0.0139156 0.0194365
0.966395 9.9982E-005 0.017295 0.0161104 9.9982E-005
0.9996 9.997E-005 9.997E-005 9.997E-005 9.997E-005
0.728099 0.10641 0.0192256 0.105364 0.0409016
0.9996 9.997E-005 9.997E-005 9.997E-005 9.997E-005
0.9996 9.997E-005 9.997E-005 9.997E-005 9.997E-005
9.9982E-005 0.155388 9.9982E-005 0.808384 0.0360273
0.00727329 0.175532 9.9991E-005 0.751506 0.065589
0.0071647 0.185602 9.9991E-005 0.775244 0.0318901
0.00370336 0.207507 0.143261 0.629547 0.0159808
0.0322834 0.0376848 0.184102 0.621892 0.124039
9.9991E-005 0.360761 0.0445483 0.510514 0.0840769
9.997E-005 9.997E-005 9.997E-005 9.997E-005 0.9996
0.00940715 9.9991E-005 0.0220522 0.132532 0.835909
9.9973E-005 9.9973E-005 9.9973E-005 0.00560482 0.994095
0.0280794 0.00679682 9.9991E-005 0.126573 0.838451
9.9982E-005 0.79617 0.0425204 9.9982E-005 0.16111
0.00514916 9.9982E-005 9.9982E-005 0.0334865 0.961164
9.997E-005 9.997E-005 9.997E-005 9.997E-005 0.9996
9.9982E-005 9.9982E-005 0.0211634 0.0233938 0.955243
9.9982E-005 9.9982E-005 0.00269014 0.124987 0.872123
9.9982E-005 0.00925118 9.9982E-005 0.00997538 0.980573
9.9982E-005 0.421084 0.00866343 9.9982E-005 0.570053
0.0156114 0.957965 9.9982E-005 0.0262238 9.9982E-005
0.0115202 0.844034 9.9991E-005 0.13128 0.0130651
9.9973E-005 0.783356 9.9973E-005 0.216344 9.9973E-005
9.9973E-005 0.737929 9.9973E-005 0.261771 9.9973E-005
0.0195327 0.852774 0.0474856 0.0801074 9.9991E-005
9.9973E-005 0.830352 9.9973E-005 0.169348 9.9973E-005
0.00346655 0.867737 9.9982E-005 0.128597 9.9982E-005
9.9973E-005 0.882818 9.9973E-005 0.116882 9.9973E-005
0.0251717 0.877392 9.9982E-005 0.0972365 9.9982E-005
9.9991E-005 0.887946 0.0200356 0.0822893 0.00962944
0.00804546 0.878838 9.9982E-005 0.112917 9.9982E-005
0.00989871 0.331181 0.219182 0.245271 0.194468
0.0322902 0.139283 0.586397 0.185752 0.056278
9.997E-005 9.997E-005 0.9996 9.997E-005 9.997E-005
9.9991E-005 0.125055 0.662776 0.153349 0.0587198
9.997E-005 9.997E-005 0.9996 9.997E-005 9.997E-005
9.997E-005 9.997E-005 0.9996 9.997E-005 9.997E-005
9.997E-005 9.997E-005 0.9996 9.997E-005 9.997E-005
0.0100613 0.113412 0.802545 9.9991E-005 0.0738818
9.9991E-005 0.138314 0.645663 0.175863 0.0400595
9.9973E-005 9.9973E-005 9.9973E-005 0.991102 0.00859761
0.0229173 0.0641865 0.0194642 0.838109 0.0553232
0.0125311 9.9991E-005 0.00400052 0.971547 0.011821
9.997E-005 9.997E-005 9.997E-005 0.9996 9.997E-005
9.997E-005 9.997E-005 9.997E-005 0.9996 9.997E-005
0.0120402 9.9973E-005 9.9973E-005 0.98766 9.9973E-005
0.013132 9.9991E-005 0.036315 0.938283 0.0121701
9.997E-005 9.997E-005 9.997E-005 0.9996 9.997E-005
9.9973E-005 9.9973E-005 0.0223694 0.977331 9.9973E-005
9.997E-005 9.997E-005 9.997E-005 0.9996 9.997E-005
9.9973E-005 9.9973E-005 0.00902145 0.990679 9.9973E-005
