9.9982E-005 9.9982E-005 0.108453 0.128165 0.763182
9.9982E-005 9.9982E-005 0.146635 0.136708 0.716457
0.0141822 0.209069 0.0785097 0.0340459 0.664193
0.0137879 0.117706 0.0595319 0.0256528 0.783321
0.00843409 0.0517617 0.0784681 0.0956649 0.765671
9.9982E-005 9.9982E-005 0.080586 0.101446 0.817768
9.9982E-005 9.9982E-005 0.115187 0.110857 0.773756
9.999E-005 0.0911954 0.124414 0.147735 0.636556
0.0221896 0.0362512 0.13049 0.167553 0.643516
9.99969E-005 0.0876459 0.176723 0.0754338 0.660098
0.00697329 9.9991E-005 0.182 0.0607383 0.750189
0.978864 9.9982E-005 9.9982E-005 0.002849 0.0180868
0.9996 9.997E-005 9.997E-005 9.997E-005 9.997E-005
0.928704 0.0113865 0.0388443 0.0209652 9.9991E-005
0.959755 0.0116464 0.00550022 9.9991E-005 0.0229988
0.9996 9.997E-005 9.997E-005 9.997E-005 9.997E-005
0.721197 0.109875 0.00386174 0.0592218 0.105845
0.9996 9.997E-005 9.997E-005 9.997E-005 9.997E-005
0.9996 9.997E-005 9.997E-005 9.997E-005 9.997E-005
9.9982E-005 0.825346 9.9982E-005 0.0231029 0.151352
0.0108581 0.744526 9.9991E-005 0.0853049 0.159211
0.00568731 0.779292 9.9991E-005 0.0195362 0.195385
0.00159585 0.635903 0.11814 0.0435544 0.200808
0.0351825 0.646537 0.169387 0.124847 0.0240467
9.9991E-005 0.509961 0.0294531 0.0890623 0.371424
9.997E-005 9.997E-005 9.997E-005 0.9996 9.997E-005
0.00472074 0.112435 0.0432469 0.839498 9.9991E-005
9.9973E-005 0.00535021 9.9973E-005 0.99435 9.9973E-005
0.024326 0.109161 9.9991E-005 0.851334 0.0150793
9.9982E-005 9.9982E-005 0.0371039 0.138021 0.824676
0.00943549 0.0152566 0.00362967 0.971578 9.9991E-005
0.00111801 9.9973E-005 9.9973E-005 0.998582 9.9973E-005
0.00354412 0.0242524 0.0298838 0.94222 9.9991E-005
9.9982E-005 0.11494 0.00552274 0.879337 9.9982E-005
9.9973E-005 9.9973E-005 9.9973E-005 0.968182 0.0315182
9.9982E-005 9.9982E-005 0.0105344 0.552729 0.436537
0.0119087 0.0329044 9.9982E-005 9.9982E-005 0.954987
0.0131819 0.132319 9.9991E-005 0.0181584 0.836241
9.9973E-005 0.235631 9.9973E-005 9.9973E-005 0.764069
0.00148556 0.255762 0.0111596 9.9991E-005 0.731493
0.0207313 0.0804403 0.0702158 9.9991E-005 0.828513
9.9973E-005 0.157248 9.9973E-005 9.9973E-005 0.842452
0.0113968 0.116998 9.9982E-005 9.9982E-005 0.871405
9.9973E-005 0.129268 9.9973E-005 9.9973E-005 0.870432
0.0305702 0.0945792 9.9982E-005 9.9982E-005 0.874651
9.9991E-005 0.0733811 0.0482942 0.00507404 0.873151
0.00930891 0.109425 9.9982E-005 9.9982E-005 0.881066
0.00899412 0.236589 0.207773 0.216607 0.330036
0.0248756 0.168913 0.578238 0.0721115 0.155862
9.997E-005 9.997E-005 0.9996 9.997E-005 9.997E-005
9.9991E-005 0.163681 0.648321 0.0610992 0.126798
0.000446447 9.99729E-005 0.999254 9.99729E-005 9.99729E-005
9.997E-005 9.997E-005 0.9996 9.997E-005 9.997E-005
9.997E-005 9.997E-005 0.9996 9.997E-005 9.997E-005
0.00921526 9.9991E-005 0.804568 0.0667064 0.119411
9.9991E-005 0.167667 0.651373 0.0453906 0.13547
9.997E-005 0.9996 9.997E-005 9.997E-005 9.997E-005
0.0141051 0.842512 0.0237911 0.0540647 0.0655272
0.0160555 0.959735 0.0156103 0.00849963 9.9991E-005
9.997E-005 0.9996 9.997E-005 9.997E-005 9.997E-005
9.997E-005 0.9996 9.997E-005 9.997E-005 9.997E-005
0.0125962 0.987104 9.9973E-005 9.9973E-005 9.9973E-005
0.0158668 0.927009 0.0252474 0.0317771 9.9991E-005
9.997E-005 0.9996 9.997E-005 9.997E-005 9.997E-005
9.9973E-005 0.973573 0.0261274 9.9973E-005 9.9973E-005
9.997E-005 0.9996 9.997E-005 9.997E-005 9.997E-005
9.9973E-005 0.998165 9.9973E-005 0.00153526 9.9973E-005
