0.125193 9.9982E-005 0.737924 9.9982E-005 0.136682
0.147969 9.9982E-005 0.696491 9.9982E-005 0.15534
0.0308793 0.200208 0.663474 0.0168932 0.0885449
0.0502702 0.102995 0.783288 0.0173782 0.0460681
0.122084 0.0540958 0.756668 0.00739439 0.0597573
0.107895 9.9982E-005 0.802857 9.9982E-005 0.0890487
0.116098 9.9982E-005 0.742519 9.9982E-005 0.141183
0.13731 0.105152 0.644936 9.9991E-005 0.112502
0.143312 0.0690157 0.660859 0.0165817 0.110231
0.0714217 0.0707713 0.653152 0.00259645 0.202059
0.0684487 9.9991E-005 0.739859 0.00761388 0.183979
9.9982E-005 0.00706936 0.0154618 0.977269 9.9982E-005
9.997E-005 9.997E-005 9.997E-005 0.9996 9.997E-005
0.018044 0.0126608 9.9991E-005 0.925177 0.0440187
9.9982E-005 0.0134596 0.0205869 0.965754 9.9982E-005
9.997E-005 9.997E-005 9.997E-005 0.9996 9.997E-005
0.0698721 0.0907998 0.0950403 0.726728 0.0175594
9.997E-005 9.997E-005 9.997E-005 0.9996 9.997E-005
9.997E-005 9.997E-005 9.997E-005 0.9996 9.997E-005
0.00995692 0.818374 0.171469 9.9982E-005 9.9982E-005
0.0857286 0.741846 0.161548 0.0107777 9.9991E-005
0.0238027 0.775525 0.195323 0.00524934 9.9991E-005
0.0399186 0.614916 0.174472 0.00903074 0.161663
0.127048 0.627704 0.0306848 0.027835 0.186728
0.0945964 0.508361 0.360518 9.9991E-005 0.0364245
0.9996 9.997E-005 9.997E-005 9.997E-005 9.997E-005
0.852337 0.115094 9.9991E-005 0.00987176 0.0225973
0.990275 0.00942495 9.9973E-005 9.9973E-005 9.9973E-005
0.853078 0.109555 0.0123292 0.0249377 9.9991E-005
0.142961 9.9982E-005 0.804046 9.9982E-005 0.0527928
0.978048 0.0132384 9.9982E-005 0.00851321 9.9982E-005
0.9996 9.997E-005 9.997E-005 9.997E-005 9.997E-005
0.962458 0.028215 9.9991E-005 0.00817361 0.00105325
0.875343 0.124357 9.9973E-005 9.9973E-005 9.9973E-005
0.975369 0.000549548 0.0238817 9.9982E-005 9.9982E-005
0.553787 9.9982E-005 0.438346 9.9982E-005 0.00766671
9.9982E-005 0.0245336 0.961769 0.0134971 9.9982E-005
0.00422305 0.141886 0.840864 0.0129266 9.9991E-005
9.9982E-005 0.22093 0.773734 0.00513606 9.9982E-005
9.9982E-005 0.260414 0.735886 9.9982E-005 0.00350061
9.9991E-005 0.085398 0.829822 0.0237275 0.0609523
9.9973E-005 0.154914 0.844786 9.9973E-005 9.9973E-005
9.9982E-005 0.123075 0.868165 0.00855952 9.9982E-005
9.9973E-005 0.129005 0.870695 9.9973E-005 9.9973E-005
9.9982E-005 0.093806 0.874922 0.0310722 9.9982E-005
9.9982E-005 0.0823308 0.883617 9.9982E-005 0.0338522
9.9982E-005 0.113806 0.880957 0.00503729 9.9982E-005
0.184494 0.239995 0.331879 0.0112006 0.23243
0.0489384 0.17034 0.150216 0.0232689 0.607236
9.997E-005 9.997E-005 9.997E-005 9.997E-005 0.9996
0.0641539 0.169474 0.104714 9.9991E-005 0.661558
9.997E-005 9.997E-005 9.997E-005 9.997E-005 0.9996
9.997E-005 9.997E-005 9.997E-005 9.997E-005 0.9996
9.997E-005 9.997E-005 9.997E-005 9.997E-005 0.9996
0.0584455 9.9991E-005 0.119613 0.0112132 0.810629
0.0376114 0.163476 0.127625 9.9991E-005 0.671187
9.997E-005 0.9996 9.997E-005 9.997E-005 9.997E-005
0.0414802 0.833753 0.0622263 0.0157373 0.0468029
0.00353683 0.981492 9.9982E-005 0.014771 9.9982E-005
9.997E-005 0.9996 9.997E-005 9.997E-005 9.997E-005
9.997E-005 0.9996 9.997E-005 9.997E-005 9.997E-005
9.9973E-005 0.991446 9.9973E-005 0.00825374 9.9973E-005
0.0193683 0.919439 9.9991E-005 0.0179539 0.0431383
9.997E-005 0.9996 9.997E-005 9.997E-005 9.997E-005
9.9982E-005 0.97198 9.9982E-005 0.0024852 0.0253345
9.997E-005 0.9996 9.997E-005 9.997E-005 9.997E-005
0.0255112 0.973981 9.9982E-005 9.9982E-005 0.00030808
