0.0716834 9.9964E-005 9.9964E-005 9.9964E-005 9.9964E-005 0.0147476 0.913169
0.0593789 0.00307296 0.030946 9.9982E-005 9.9982E-005 0.0461706 0.860232
0.0987592 0.0116071 9.9982E-005 0.19947 0.117678 9.9982E-005 0.572286
9.9964E-005 0.00334041 9.9964E-005 0.111661 9.9964E-005 9.9964E-005 0.884599
9.99639E-005 0.00531005 9.99639E-005 0.101473 9.99639E-005 9.99639E-005 0.892817
9.9973E-005 9.9973E-005 0.022303 9.9973E-005 0.132663 0.057486 0.787248
0.0818019 9.9955E-005 9.9955E-005 9.9955E-005 9.9955E-005 9.9955E-005 0.917698
9.9982E-005 9.9982E-005 0.0461568 0.131615 0.130211 0.0813978 0.610419
9.9991E-005 0.0213565 0.037239 0.118957 0.0128174 0.0414324 0.768098
0.0983895 9.9964E-005 9.9964E-005 0.119052 9.9964E-005 9.9964E-005 0.782159
0.0189607 0.0150147 0.0771883 9.9982E-005 0.0790516 9.9982E-005 0.809585
0.0349694 0.964531 9.99551E-005 9.99551E-005 9.99551E-005 9.99551E-005 9.99551E-005
9.995E-005 0.9994 9.995E-005 9.995E-005 9.995E-005 9.995E-005 9.995E-005
9.9973E-005 0.924865 0.0432846 9.9973E-005 0.0105887 0.0209621 9.9973E-005
0.0126644 0.961852 9.9982E-005 0.0039273 0.00725667 9.9982E-005 0.0140993
9.995E-005 0.9994 9.995E-005 9.995E-005 9.995E-005 9.995E-005 9.995E-005
0.0168884 0.722253 0.00313583 0.090753 0.0716665 0.059174 0.0361288
9.995E-005 0.9994 9.995E-005 9.995E-005 9.995E-005 9.995E-005 9.995E-005
9.995E-005 0.9994 9.995E-005 9.995E-005 9.995E-005 9.995E-005 9.995E-005
0.0353964 9.9964E-005 9.9964E-005 0.809003 9.9964E-005 9.9964E-005 0.155201
0.0226546 0.00939699 9.9982E-005 0.74923 9.9982E-005 0.00154364 0.216975
0.0330973 0.00311242 9.9982E-005 0.778995 0.0135956 9.9982E-005 0.171
9.999E-005 0.00350651 0.137393 0.642347 0.0298992 0.00953956 0.177215
0.0510571 0.0273194 0.142169 0.612365 0.0510432 0.110852 0.00519501
9.9982E-005 9.9982E-005 0.00296569 0.551775 0.0348116 0.0342183 0.37603
9.995E-005 9.995E-005 9.995E-005 9.995E-005 9.995E-005 0.9994 9.995E-005
9.9982E-005 0.00676986 0.0205513 0.111305 9.9982E-005 0.828215 0.0329589
9.99549E-005 9.99549E-005 9.99549E-005 0.00254986 9.99549E-005 0.99695 9.99549E-005
9.9973E-005 0.0188216 9.9973E-005 0.0846801 0.0279005 0.868298 9.9973E-005
9.9955E-005 9.9955E-005 9.9955E-005 9.9955E-005 9.9955E-005 0.0642697 0.935231
9.9964E-005 9.9964E-005 0.0119774 9.9964E-005 0.00207101 0.985552 9.9964E-005
9.9964E-005 0.00128702 9.9964E-005 9.9964E-005 9.9964E-005 0.996356 0.00195678
0.0279165 9.9964E-005 9.9964E-005 9.9964E-005 0.0240066 0.947677 9.9964E-005
0.0426366 9.9964E-005 9.9964E-005 0.0832354 9.9964E-005 0.873728 9.9964E-005
0.000106839 9.9964E-005 9.9964E-005 9.9964E-005 9.9964E-005 0.954302 0.0451912
9.99639E-005 9.99639E-005 9.99639E-005 9.99639E-005 0.0542108 0.529676 0.415714
9.99549E-005 9.99549E-005 9.99549E-005 9.99549E-005 0.840646 9.99549E-005 0.158854
9.9955E-005 9.9955E-005 9.9955E-005 9.9955E-005 0.936695 0.0628049 9.9955E-005
9.9955E-005 9.9955E-005 9.9955E-005 0.0928774 0.906623 9.9955E-005 9.9955E-005
0.0306483 0.000177349 0.0360985 0.138667 0.756579 9.9991E-005 0.0377298
0.127792 0.0174504 9.9973E-005 9.9973E-005 0.65948 9.9973E-005 0.194978
0.0126935 9.9973E-005 9.9973E-005 0.0793834 0.688102 9.9973E-005 0.219521
0.0201656 9.9973E-005 0.00807683 9.9973E-005 0.950375 0.0210829 9.9973E-005
9.9964E-005 9.9964E-005 9.9964E-005 0.036887 0.745745 9.9964E-005 0.216968
9.99729E-005 0.0249154 9.99729E-005 0.0124865 0.661129 9.99729E-005 0.301169
0.0737756 9.9964E-005 9.9964E-005 9.9964E-005 0.567451 9.9964E-005 0.358374
9.99551E-005 9.99551E-005 9.99551E-005 9.99551E-005 0.997427 0.00207284 9.99551E-005
0.235172 0.0078262 0.045635 0.215678 0.029211 0.140238 0.32624
0.975835 0.019098 9.9964E-005 0.00466741 9.9964E-005 9.9964E-005 9.9964E-005
9.995E-005 9.995E-005 0.9994 9.995E-005 9.995E-005 9.995E-005 9.995E-005
0.9994 9.995E-005 9.995E-005 9.995E-005 9.995E-005 9.995E-005 9.995E-005
9.9955E-005 9.9955E-005 0.981266 0.0182341 9.9955E-005 9.9955E-005 9.9955E-005
9.995E-005 9.995E-005 0.9994 9.995E-005 9.995E-005 9.995E-005 9.995E-005
9.995E-005 9.995E-005 0.9994 9.995E-005 9.995E-005 9.995E-005 9.995E-005
0.394882 0.00713166 0.464168 9.9982E-005 9.9982E-005 0.0246046 0.109014
0.9994 9.995E-005 9.995E-005 9.995E-005 9.995E-005 9.995E-005 9.995E-005
9.995E-005 9.995E-005 9.995E-005 0.9994 9.995E-005 9.995E-005 9.995E-005
0.000155092 0.0100307 0.0284645 0.819445 0.0985805 0.0432243 9.9991E-005
0.0113903 0.00972398 0.016459 0.958424 0.00380241 9.9982E-005 9.9982E-005
9.995E-005 9.995E-005 9.995E-005 0.9994 9.995E-005 9.995E-005 9.995E-005
0.00208484 9.9955E-005 9.9955E-005 0.997415 9.9955E-005 9.9955E-005 9.9955E-005
9.9955E-005 0.0114694 9.9955E-005 0.988031 9.9955E-005 9.9955E-005 9.9955E-005
9.9982E-005 0.0120372 0.0387864 0.918087 0.0140249 0.0168646 9.9982E-005
0.00989172 9.9955E-005 9.9955E-005 0.989609 9.9955E-005 9.9955E-005 9.9955E-005
9.99549E-005 9.99549E-005 0.0343232 0.965177 9.99549E-005 9.99549E-005 9.99549E-005
9.995E-005 9.995E-005 9.995E-005 0.9994 9.995E-005 9.995E-005 9.995E-005
9.9973E-005 9.9973E-005 0.006085 0.983603 0.00465852 0.00535366 9.9973E-005
