9.9964E-005 0.0188275 0.977741 9.9964E-005 9.9964E-005 9.9964E-005 0.00303196
9.9973E-005 0.0459076 0.889356 9.9973E-005 0.00454722 0.0598889 9.9973E-005
0.0123491 9.9991E-005 0.527113 0.217698 0.165892 0.00873588 0.0681128
0.00353621 9.9964E-005 0.878268 9.9964E-005 9.9964E-005 9.9964E-005 0.117796
0.00331398 9.99639E-005 0.894958 9.99639E-005 9.99639E-005 9.99639E-005 0.101328
9.9973E-005 0.0361599 0.821609 9.9973E-005 0.141207 9.9973E-005 0.000724633
9.9973E-005 0.00586179 0.973248 9.9973E-005 9.9973E-005 0.00369299 0.0168969
9.999E-005 0.0915962 0.574513 0.0650871 0.149475 0.0338614 0.0853676
0.0208005 0.0509013 0.79142 0.0200055 9.99819E-005 9.99819E-005 0.116673
9.9973E-005 9.9973E-005 0.788964 0.138672 9.9973E-005 0.0217145 0.0503492
0.0163117 9.9991E-005 0.803446 0.0237592 0.0739912 0.0797275 0.00266447
0.968889 0.00765723 0.0040302 0.00899095 0.0102322 9.9982E-005 9.9982E-005
0.9994 9.995E-005 9.995E-005 9.995E-005 9.995E-005 9.995E-005 9.995E-005
0.923803 0.0295835 9.9982E-005 0.00547545 0.0119975 0.0289405 9.9982E-005
0.967143 9.9982E-005 0.0120625 9.9982E-005 0.00714667 0.00806028 0.0053878
0.9994 9.995E-005 9.995E-005 9.995E-005 9.995E-005 9.995E-005 9.995E-005
0.730344 0.0452764 0.0275968 0.0571698 0.0725385 0.021724 0.0453507
0.9994 9.995E-005 9.995E-005 9.995E-005 9.995E-005 9.995E-005 9.995E-005
0.9994 9.995E-005 9.995E-005 9.995E-005 9.995E-005 9.995E-005 9.995E-005
9.99514E-005 9.99514E-005 9.99514E-005 0.9994 9.99514E-005 9.99514E-005 9.99514E-005
0.0068205 0.00445975 9.99639E-005 0.98832 9.99639E-005 9.99639E-005 9.99639E-005
9.995E-005 9.995E-005 9.995E-005 0.9994 9.995E-005 9.995E-005 9.995E-005
0.0102738 9.9982E-005 0.234083 9.9982E-005 0.0235427 0.105715 0.626185
0.0286147 0.110792 9.9991E-005 0.190233 0.0261075 0.157086 0.487067
9.9982E-005 0.0416376 0.286545 0.440315 0.0233799 9.9982E-005 0.207923
9.995E-005 0.9994 9.995E-005 9.995E-005 9.995E-005 9.995E-005 9.995E-005
0.00773136 0.809419 0.0225984 0.0253783 0.00145068 0.0370787 0.0963433
9.99549E-005 0.999212 9.99549E-005 0.000288214 9.99549E-005 9.99549E-005 9.99549E-005
0.0235555 0.844443 9.9982E-005 0.0556393 0.0276733 9.9982E-005 0.0484887
9.9964E-005 0.0542429 0.940133 9.9964E-005 0.00522418 9.9964E-005 9.9964E-005
0.00781391 0.974137 9.9982E-005 9.9982E-005 0.00650806 0.00823763 0.00310298
9.995E-005 0.9994 9.995E-005 9.995E-005 9.995E-005 9.995E-005 9.995E-005
9.9964E-005 0.936509 9.9964E-005 0.036874 0.0262175 9.9964E-005 9.9964E-005
9.9973E-005 0.885455 9.9973E-005 0.00113337 9.9973E-005 0.0172623 0.0958493
9.9964E-005 0.96593 0.0331292 0.000541066 9.9964E-005 9.9964E-005 9.9964E-005
0.00178748 0.531051 0.421611 9.9973E-005 0.04525 9.9973E-005 9.9973E-005
9.99549E-005 9.99549E-005 0.166949 9.99549E-005 0.832551 9.99549E-005 9.99549E-005
9.9964E-005 0.0477845 9.9964E-005 0.0265285 0.925287 9.9964E-005 9.9964E-005
9.9964E-005 9.9964E-005 9.9964E-005 0.0385831 0.906366 9.9964E-005 0.054651
9.9982E-005 9.9982E-005 0.0302143 0.0543026 0.754162 0.0441192 0.117002
0.0122337 9.9982E-005 0.223473 0.0319386 0.676243 0.0559124 9.9982E-005
9.9982E-005 0.00386032 0.226151 9.9982E-005 0.692069 0.00739215 0.0703274
9.9964E-005 0.0382835 9.9964E-005 0.00873115 0.952585 9.9964E-005 9.9964E-005
9.9964E-005 9.9964E-005 0.199486 9.9964E-005 0.750376 9.9964E-005 0.0497379
0.0293384 9.99729E-005 0.283924 9.99729E-005 0.676837 9.99729E-005 0.00960011
9.9982E-005 0.000956507 0.375425 0.0433438 0.570497 0.00957799 9.9982E-005
9.99551E-005 0.00389439 9.99551E-005 9.99551E-005 0.995606 9.99551E-005 9.99551E-005
0.0136045 0.146968 0.347002 0.118869 0.0369982 0.153264 0.183295
0.0313734 0.0390623 0.128921 0.320835 0.0177083 0.462 9.9991E-005
9.995E-005 9.995E-005 9.995E-005 9.995E-005 9.995E-005 0.9994 9.995E-005
9.9973E-005 0.03742 0.131735 0.323594 9.9973E-005 0.506952 9.9973E-005
9.995E-005 9.995E-005 9.995E-005 9.995E-005 9.995E-005 0.9994 9.995E-005
9.995E-005 9.995E-005 9.995E-005 9.995E-005 9.995E-005 0.9994 9.995E-005
9.995E-005 9.995E-005 9.995E-005 9.995E-005 9.995E-005 0.9994 9.995E-005
0.00935639 0.0449243 0.14776 0.0847076 0.000908451 0.712243 9.9991E-005
9.9982E-005 0.0462592 0.112026 0.285506 0.0383366 0.517672 9.9982E-005
9.9964E-005 9.9964E-005 0.00132589 0.00266211 9.9964E-005 9.9964E-005 0.995612
0.00879749 0.0596934 9.9991E-005 0.0402537 0.0840869 0.0255996 0.781469
0.0139789 0.00820182 9.9973E-005 0.0660641 9.9973E-005 9.9973E-005 0.911455
9.995E-005 9.995E-005 9.995E-005 9.995E-005 9.995E-005 9.995E-005 0.9994
9.9955E-005 9.9955E-005 9.9955E-005 0.0983866 9.9955E-005 9.9955E-005 0.901114
0.00639954 9.9964E-005 9.9964E-005 0.0653845 9.9964E-005 9.9964E-005 0.927816
0.0116832 0.0236158 9.9991E-005 0.0673835 0.000420889 0.0298222 0.866974
9.9955E-005 9.9955E-005 9.9955E-005 0.0429492 9.9955E-005 9.9955E-005 0.956551
9.99549E-005 9.99549E-005 9.99549E-005 9.99549E-005 9.99549E-005 0.0307744 0.968726
9.995E-005 9.995E-005 9.995E-005 9.995E-005 9.995E-005 9.995E-005 0.9994
9.9964E-005 0.00963849 9.9964E-005 9.9964E-005 0.0128943 9.9964E-005 0.977067
