9.9964E-005 0.010517 0.978117 9.9964E-005 0.0109659 9.9964E-005 9.9964E-005
0.0581912 9.9964E-005 0.877308 9.9964E-005 0.0641006 9.9964E-005 9.9964E-005
0.0117765 0.0552175 0.56843 0.222869 9.9991E-005 0.127806 0.0138009
9.9964E-005 0.117926 0.871638 9.9964E-005 9.9964E-005 9.9964E-005 0.0100361
9.99549E-005 0.0954991 0.904001 9.99549E-005 9.99549E-005 9.99549E-005 9.99549E-005
0.00779911 0.00761144 0.833815 0.00221 0.0210887 0.125626 0.00184923
0.00931456 0.0183939 0.964399 9.9973E-005 0.00759283 9.9973E-005 9.9973E-005
0.00903055 0.0844643 0.620334 0.0802783 0.0767211 0.129072 9.9991E-005
0.0106371 0.0977965 0.807254 0.0206164 0.0357159 9.9991E-005 0.0278803
0.061626 0.0398806 0.76764 0.130199 9.9982E-005 9.9982E-005 0.000454224
0.0835618 9.9991E-005 0.823189 0.0215717 0.00149122 0.0553722 0.0147142
9.9973E-005 9.9973E-005 0.00292893 0.0197297 9.9973E-005 0.00301694 0.974025
9.995E-005 9.995E-005 9.995E-005 9.995E-005 9.995E-005 9.995E-005 0.9994
0.0293747 9.9973E-005 9.9973E-005 0.0200714 0.025703 9.9973E-005 0.924551
0.00526219 0.00750518 0.00454724 9.9982E-005 9.9982E-005 0.0174633 0.965022
9.995E-005 9.995E-005 9.995E-005 9.995E-005 9.995E-005 9.995E-005 0.9994
0.0237011 0.0476134 0.0351902 0.0354156 0.0603878 0.0631063 0.734586
9.995E-005 9.995E-005 9.995E-005 9.995E-005 9.995E-005 9.995E-005 0.9994
9.995E-005 9.995E-005 9.995E-005 9.995E-005 9.995E-005 9.995E-005 0.9994
9.99549E-005 0.00465912 9.99549E-005 0.994841 9.99549E-005 9.99549E-005 9.99549E-005
9.99639E-005 9.99639E-005 9.99639E-005 0.965897 0.0225537 9.99639E-005 0.0111491
9.995E-005 9.995E-005 9.995E-005 0.9994 9.995E-005 9.995E-005 9.995E-005
0.0926507 0.618508 0.249608 0.032796 9.9991E-005 0.00431048 0.00202666
0.156106 0.463655 9.9991E-005 0.203008 0.10552 0.0343069 0.037304
0.000625499 0.18662 0.284075 0.456263 0.0625216 0.00979493 9.9991E-005
9.995E-005 9.995E-005 9.995E-005 9.995E-005 0.9994 9.995E-005 9.995E-005
0.0240287 0.110399 0.0348373 9.9982E-005 0.824349 9.9982E-005 0.00618646
9.99549E-005 0.0111578 9.99549E-005 9.99549E-005 0.988342 9.99549E-005 9.99549E-005
9.9982E-005 0.0689455 9.9982E-005 0.0379568 0.84144 0.0259417 0.0255162
9.9964E-005 9.9964E-005 0.932629 9.9964E-005 0.0553695 0.0116018 9.9964E-005
9.9973E-005 0.0128931 9.9973E-005 9.9973E-005 0.973368 0.0108615 0.00257704
9.9955E-005 9.9955E-005 9.9955E-005 9.9955E-005 0.999361 9.9955E-005 0.000139101
0.00568165 9.9973E-005 9.9973E-005 0.0369709 0.94101 0.016038 9.9973E-005
0.0214373 0.106596 9.99647E-005 9.99647E-005 0.871567 9.99647E-005 9.99647E-005
9.9964E-005 9.9964E-005 0.0341362 0.0113841 0.95408 9.9964E-005 9.9964E-005
9.9964E-005 9.9964E-005 0.430173 9.9964E-005 0.521958 0.047469 9.9964E-005
9.9955E-005 9.9955E-005 0.162244 9.9955E-005 9.9955E-005 0.837257 9.9955E-005
9.9964E-005 9.9964E-005 9.9964E-005 0.0183817 0.0514734 0.929745 9.9964E-005
9.99639E-005 0.0512529 9.99639E-005 0.0430987 9.99639E-005 0.905248 9.99639E-005
0.0748695 0.100398 0.0227774 0.0260965 0.012066 0.763693 9.9991E-005
0.0815225 9.9982E-005 0.216204 0.00399895 9.9982E-005 0.68164 0.0164346
9.9964E-005 0.070183 0.238517 9.9964E-005 9.9964E-005 0.6909 9.9964E-005
9.9955E-005 9.9955E-005 9.9955E-005 9.9955E-005 0.0489519 0.950548 9.9955E-005
9.9964E-005 0.0447222 0.212808 9.9964E-005 9.9964E-005 0.74207 9.9964E-005
9.99729E-005 0.0205154 0.295112 9.99729E-005 9.99729E-005 0.664861 0.0192114
0.0300403 9.9973E-005 0.36872 0.0425339 9.9973E-005 0.558405 9.9973E-005
9.99551E-005 9.99551E-005 9.99551E-005 9.99551E-005 0.0139638 0.985536 9.99551E-005
0.167796 0.1873 0.348189 0.100864 0.151153 0.0312715 0.0134261
0.54774 9.9991E-005 0.0847625 0.230557 0.059639 0.0439108 0.0332909
0.9994 9.995E-005 9.995E-005 9.995E-005 9.995E-005 9.995E-005 9.995E-005
0.611653 9.9982E-005 0.105013 0.238837 0.0346965 0.00960005 9.9982E-005
0.9994 9.995E-005 9.995E-005 9.995E-005 9.995E-005 9.995E-005 9.995E-005
0.9994 9.995E-005 9.995E-005 9.995E-005 9.995E-005 9.995E-005 9.995E-005
0.9994 9.995E-005 9.995E-005 9.995E-005 9.995E-005 9.995E-005 9.995E-005
0.754313 9.9991E-005 0.141822 0.0462334 0.0380982 0.0098806 0.00955258
0.62991 0.0107128 0.0913328 0.198142 0.044493 0.0253102 9.9991E-005
9.9964E-005 0.989708 9.9964E-005 0.00817154 0.0017205 9.9964E-005 9.9964E-005
0.0272258 0.756878 9.9991E-005 0.0547226 0.0686472 0.082827 0.00959959
9.9964E-005 0.898913 9.9964E-005 0.0868007 9.9964E-005 9.9964E-005 0.0138862
9.995E-005 0.9994 9.995E-005 9.995E-005 9.995E-005 9.995E-005 9.995E-005
9.9955E-005 0.937958 9.9955E-005 0.061542 9.9955E-005 9.9955E-005 9.9955E-005
9.9964E-005 0.925259 9.9964E-005 0.0629107 9.9964E-005 9.9964E-005 0.0114304
0.0494892 0.829575 9.9991E-005 0.0856831 0.0188221 0.00355709 0.0127733
9.9964E-005 0.965598 9.9964E-005 0.027282 0.00671991 9.9964E-005 9.9964E-005
0.0376832 0.961817 9.99549E-005 9.99549E-005 9.99549E-005 9.99549E-005 9.99549E-005
9.995E-005 0.9994 9.995E-005 9.995E-005 9.995E-005 9.995E-005 9.995E-005
9.9964E-005 0.974095 9.9964E-005 9.9964E-005 0.00855708 0.0169476 9.9964E-005
