9.9973E-005 9.9973E-005 0.0372897 9.9973E-005 0.96241
0.0222641 9.9982E-005 0.0901818 9.9982E-005 0.887354
9.999E-005 0.0159712 0.25623 0.198498 0.5292
9.999E-005 0.0181081 0.0857769 0.0715617 0.824453
9.999E-005 0.0126807 0.0852778 0.0630814 0.83886
0.00769834 9.9982E-005 0.250052 9.9982E-005 0.74205
9.9973E-005 9.9973E-005 0.0556893 9.9973E-005 0.944011
0.0887149 9.9991E-005 0.232939 0.0980058 0.58024
0.0796522 0.0220453 0.124057 0.0720707 0.702175
9.999E-005 0.00221509 0.0507225 0.122184 0.824778
9.9982E-005 0.0149938 0.161251 9.9982E-005 0.823555
9.9982E-005 0.974047 0.0209663 0.00478702 9.9982E-005
9.997E-005 0.9996 9.997E-005 9.997E-005 9.997E-005
0.027958 0.933956 0.00987073 0.0256479 0.00256777
9.999E-005 0.958756 0.0112145 0.0156936 0.0142357
9.997E-005 0.9996 9.997E-005 9.997E-005 9.997E-005
0.0841624 0.721457 0.070642 0.0756117 0.0481268
9.9973E-005 0.999321 9.9973E-005 9.9973E-005 0.000379379
9.997E-005 0.9996 9.997E-005 9.997E-005 9.997E-005
0.0263977 9.9991E-005 0.0761515 0.807112 0.0902386
0.0679754 0.0156091 0.0514271 0.714473 0.150516
0.0274473 0.0069244 0.111999 0.767368 0.0862616
0.000584483 0.00702452 0.0573747 0.673601 0.261415
0.092414 0.0251746 0.0332641 0.70818 0.140967
0.0704536 0.000197027 0.103088 0.503676 0.322586
0.9996 9.997E-005 9.997E-005 9.997E-005 9.997E-005
0.838465 0.00261977 9.9991E-005 0.11822 0.0405948
0.9996 9.997E-005 9.997E-005 9.997E-005 9.997E-005
0.852786 0.0242337 0.0368706 0.0860097 9.9991E-005
0.0113764 9.9982E-005 0.08112 9.9982E-005 0.907304
0.974634 0.00228594 0.0228806 9.9982E-005 9.9982E-005
0.9996 9.997E-005 9.997E-005 9.997E-005 9.997E-005
0.954649 9.9982E-005 0.0336886 0.0114623 9.9982E-005
0.887275 9.9973E-005 9.9973E-005 0.112425 9.9973E-005
0.953127 9.9982E-005 0.00559491 9.9982E-005 0.041078
0.500149 9.9982E-005 0.0979449 9.9982E-005 0.401706
9.99804E-005 9.99804E-005 0.880167 9.99804E-005 0.119533
0.0619691 9.9973E-005 0.937731 9.9973E-005 9.9973E-005
9.9973E-005 9.9973E-005 0.920255 0.0794446 9.9973E-005
9.9982E-005 9.9982E-005 0.761812 0.174282 0.063706
9.9991E-005 0.0175985 0.687523 0.0104105 0.284367
0.0086723 9.9991E-005 0.744293 0.0611442 0.185791
0.0459139 9.9973E-005 0.953786 9.9973E-005 9.9973E-005
9.9982E-005 9.9982E-005 0.810832 0.0316736 0.157294
9.9991E-005 0.0279472 0.699797 0.00437212 0.267784
0.00132799 9.9991E-005 0.606677 0.000948572 0.390946
0.00825478 9.9973E-005 0.991445 9.9973E-005 9.9973E-005
0.120652 0.0152956 0.0579524 0.322416 0.483684
9.9982E-005 0.0159161 9.9982E-005 0.396111 0.587772
9.9973E-005 9.9973E-005 9.9973E-005 0.35644 0.64326
9.9973E-005 9.9973E-005 9.9973E-005 0.411496 0.588204
9.99729E-005 9.99729E-005 9.99729E-005 0.359476 0.640224
9.9973E-005 9.9973E-005 9.9973E-005 0.366446 0.633254
9.9973E-005 9.9973E-005 9.9973E-005 0.360854 0.638846
0.015162 0.00346562 9.9991E-005 0.278757 0.702515
9.9973E-005 9.9973E-005 9.9973E-005 0.396797 0.602903
0.0061027 9.9973E-005 9.9973E-005 0.993597 9.9973E-005
0.0485879 0.0133731 0.107526 0.830413 9.9991E-005
9.9982E-005 0.0099276 0.00805563 0.981817 9.9982E-005
9.997E-005 9.997E-005 9.997E-005 0.9996 9.997E-005
9.997E-005 9.997E-005 9.997E-005 0.9996 9.997E-005
9.9973E-005 0.0165297 9.9973E-005 0.98317 9.9973E-005
0.0182654 0.0126618 0.0174746 0.951498 9.9991E-005
9.997E-005 9.997E-005 9.997E-005 0.9996 9.997E-005
9.9973E-005 0.00467228 9.9973E-005 0.995028 9.9973E-005
9.997E-005 9.997E-005 9.997E-005 0.9996 9.997E-005
0.000713064 9.9982E-005 0.00351199 0.995575 9.9982E-005
