0.0287633 0.0173343 0.0175694 9.9973E-005 9.9973E-005 9.9973E-005 0.936033
0.00701726 0.0656617 0.0700471 9.9982E-005 0.00234018 9.9982E-005 0.854734
0.0676121 9.9991E-005 0.00300052 0.226258 0.0105971 0.0951908 0.597241
9.9964E-005 9.9964E-005 9.9964E-005 0.111033 0.00542136 9.9964E-005 0.883146
9.99639E-005 9.99639E-005 9.99639E-005 0.0920765 0.000733188 9.99639E-005 0.90679
0.0757261 0.0220135 0.0047035 0.00557189 0.00252124 0.0892935 0.80017
0.0262091 0.0224479 0.0111242 0.00712017 9.9982E-005 9.9982E-005 0.932899
0.0784214 0.0808201 0.0389324 0.140711 9.9991E-005 0.0623607 0.598654
9.9991E-005 0.0651995 0.00390935 0.11067 0.0239791 0.0193309 0.776811
9.9964E-005 9.9964E-005 0.0621577 0.144682 9.9964E-005 9.9964E-005 0.79276
0.0623566 9.9982E-005 0.0823788 9.9982E-005 0.012947 0.0324686 0.809649
9.9964E-005 9.9964E-005 0.000568098 9.9964E-005 0.977177 0.0218554 9.9964E-005
9.995E-005 9.995E-005 9.995E-005 9.995E-005 0.9994 9.995E-005 9.995E-005
0.0312461 0.0161327 0.00657878 0.0202582 0.925584 9.9982E-005 9.9982E-005
0.0183993 9.9973E-005 9.9973E-005 0.0132023 0.96334 9.9973E-005 0.00475841
9.995E-005 9.995E-005 9.995E-005 9.995E-005 0.9994 9.995E-005 9.995E-005
0.00287513 0.0596619 0.0221556 0.0712516 0.733096 0.0696638 0.0412959
9.995E-005 9.995E-005 9.995E-005 9.995E-005 0.9994 9.995E-005 9.995E-005
9.995E-005 9.995E-005 9.995E-005 9.995E-005 0.9994 9.995E-005 9.995E-005
9.9955E-005 9.9955E-005 9.9955E-005 0.820188 9.9955E-005 9.9955E-005 0.179313
9.9973E-005 0.0316921 9.9973E-005 0.758652 0.00760987 9.9973E-005 0.201746
9.9964E-005 9.9964E-005 9.9964E-005 0.791119 9.9964E-005 0.0331395 0.175342
0.0632485 0.0169478 0.116187 0.615656 0.00662991 9.9991E-005 0.181231
0.016367 0.118611 0.184586 0.619797 0.0263561 0.0264843 0.00779914
0.0265538 0.0413925 0.00353439 0.52797 9.9991E-005 0.0101787 0.390271
9.995E-005 0.9994 9.995E-005 9.995E-005 9.995E-005 9.995E-005 9.995E-005
9.9982E-005 0.84758 0.0400836 0.0881871 0.0061665 9.9982E-005 0.0177826
9.99549E-005 0.992783 9.99549E-005 0.00671768 9.99549E-005 9.99549E-005 9.99549E-005
9.9973E-005 0.85685 9.9973E-005 0.0835481 0.0282113 0.0310906 9.9973E-005
0.0235252 0.0303076 9.9964E-005 9.9964E-005 9.9964E-005 9.9964E-005 0.945767
9.9973E-005 0.97164 9.9973E-005 0.00737326 0.00355702 0.0171293 9.9973E-005
0.0228821 0.976618 9.9955E-005 9.9955E-005 9.9955E-005 9.9955E-005 9.9955E-005
0.0165722 0.9614 0.009726 9.9973E-005 9.9973E-005 0.0120016 9.9973E-005
9.9964E-005 0.884619 0.0220433 0.0929375 9.9964E-005 9.9964E-005 9.9964E-005
9.9955E-005 0.956826 9.9955E-005 9.9955E-005 9.9955E-005 9.9955E-005 0.042674
9.99639E-005 0.497185 9.99639E-005 9.99639E-005 9.99639E-005 0.0472025 0.455213
0.0618292 9.9964E-005 9.9964E-005 9.9964E-005 9.9964E-005 0.798322 0.139449
9.9955E-005 0.0449547 9.9955E-005 9.9955E-005 9.9955E-005 0.954546 9.9955E-005
0.0431404 9.9964E-005 9.9964E-005 0.0969276 9.9964E-005 0.859532 9.9964E-005
0.19322 0.00975464 0.0476892 0.146277 0.00161256 0.568141 0.0333057
0.00620556 9.9982E-005 0.0855016 9.9982E-005 0.0123997 0.671435 0.224258
0.9994 9.995E-005 9.995E-005 9.995E-005 9.995E-005 9.995E-005 9.995E-005
9.9964E-005 0.0183733 0.0128304 9.9964E-005 9.9964E-005 0.968396 9.9964E-005
0.9994 9.995E-005 9.995E-005 9.995E-005 9.995E-005 9.995E-005 9.995E-005
0.0273439 9.9982E-005 9.9982E-005 0.0230697 0.0182644 0.616303 0.31482
0.355476 0.000110741 0.0371812 0.000370319 9.9991E-005 0.291297 0.315466
0.0269142 9.9955E-005 9.9955E-005 9.9955E-005 9.9955E-005 0.972586 9.9955E-005
0.0159808 0.123123 0.188686 0.266419 0.00983331 0.0182593 0.377698
0.0604805 0.0415269 0.556738 0.170208 0.0237624 0.0328629 0.114421
9.995E-005 9.995E-005 0.9994 9.995E-005 9.995E-005 9.995E-005 9.995E-005
9.9973E-005 0.0376396 0.610546 0.188883 9.9973E-005 9.9973E-005 0.162631
9.99549E-005 9.99549E-005 0.998476 9.99549E-005 0.00102459 9.99549E-005 9.99549E-005
9.995E-005 9.995E-005 0.9994 9.995E-005 9.995E-005 9.995E-005 9.995E-005
9.995E-005 9.995E-005 0.9994 9.995E-005 9.995E-005 9.995E-005 9.995E-005
0.0438159 0.0374682 0.773505 9.9982E-005 0.0108245 9.9982E-005 0.134187
0.0398682 0.0318069 0.646327 0.157042 9.9991E-005 0.0103627 0.114494
9.9955E-005 0.000730863 9.9955E-005 0.998769 9.9955E-005 9.9955E-005 9.9955E-005
0.00815254 0.0626404 0.0275707 0.806169 0.00975963 0.0856079 9.9991E-005
0.0222948 0.00469201 0.00708242 0.949575 0.0161558 9.9982E-005 9.9982E-005
9.995E-005 9.995E-005 9.995E-005 0.9994 9.995E-005 9.995E-005 9.995E-005
9.995E-005 9.995E-005 9.995E-005 0.9994 9.995E-005 9.995E-005 9.995E-005
9.9955E-005 9.9955E-005 9.9955E-005 0.98948 0.0100204 9.9955E-005 9.9955E-005
0.011605 0.0205613 0.0313529 0.927526 0.00875505 9.9982E-005 9.9982E-005
9.995E-005 9.995E-005 9.995E-005 0.9994 9.995E-005 9.995E-005 9.995E-005
9.99549E-005 9.99549E-005 0.0268777 0.972623 9.99549E-005 9.99549E-005 9.99549E-005
9.995E-005 9.995E-005 9.995E-005 0.9994 9.995E-005 9.995E-005 9.995E-005
0.00596381 9.9973E-005 0.000997947 0.980501 9.9973E-005 0.0122372 9.9973E-005
