9.9973E-005 0.00476287 0.0274281 9.9973E-005 9.9973E-005 0.967509
9.9982E-005 0.0571076 0.0528417 9.9982E-005 0.000751955 0.889099
0.229292 9.9982E-005 9.9982E-005 0.142074 0.0164347 0.612
0.119922 9.9973E-005 9.9973E-005 9.9973E-005 0.00542983 0.874348
0.0964597 9.9973E-005 9.9973E-005 9.9973E-005 0.00352856 0.899712
9.9982E-005 0.0200636 0.0288435 0.15268 9.9982E-005 0.798213
0.0105022 0.00458167 0.00965894 9.9982E-005 9.9982E-005 0.975057
0.124941 0.035722 0.0887989 0.160621 9.9991E-005 0.589817
0.121496 9.9991E-005 0.0533036 0.00704789 0.0199303 0.798122
0.149336 0.0322691 9.9973E-005 9.9973E-005 9.9973E-005 0.818095
0.019626 0.0616642 9.9991E-005 0.0781289 0.00838611 0.832095
0.00299368 9.9991E-005 0.00856795 0.0077735 0.97027 0.0102948
9.996E-005 9.996E-005 9.996E-005 9.996E-005 0.9995 9.996E-005
0.00314566 0.0233287 0.0402892 0.00256566 0.930571 9.9991E-005
0.00621781 0.0113965 9.9991E-005 0.014486 0.965695 0.00210492
9.996E-005 9.996E-005 9.996E-005 9.996E-005 0.9995 9.996E-005
0.0760353 0.0182244 0.0521464 0.0677847 0.732794 0.0530156
9.996E-005 9.996E-005 9.996E-005 9.996E-005 0.9995 9.996E-005
9.996E-005 9.996E-005 9.996E-005 9.996E-005 0.9995 9.996E-005
0.820792 9.9964E-005 9.9964E-005 9.9964E-005 9.9964E-005 0.178808
0.744833 9.9982E-005 0.0424136 9.9982E-005 0.0153503 0.197203
0.783121 9.9982E-005 9.9982E-005 0.0431651 0.00789881 0.165615
0.620288 0.117583 0.0157276 0.045767 0.0030805 0.197554
0.623118 0.171141 0.11752 0.0228598 0.0260674 0.039293
0.542406 9.9982E-005 0.0392497 0.0150369 9.9982E-005 0.403107
9.996E-005 9.996E-005 0.9995 9.996E-005 9.996E-005 9.996E-005
0.110899 0.0382489 0.819695 9.9991E-005 0.0101311 0.020926
9.996E-005 9.996E-005 0.9995 9.996E-005 9.996E-005 9.996E-005
0.0870897 9.9982E-005 0.842309 0.0473552 0.0230458 9.9982E-005
9.9973E-005 9.9973E-005 0.0504733 0.00239689 9.9973E-005 0.94683
0.00560137 9.9982E-005 0.981868 0.00161942 0.0107109 9.9982E-005
9.996E-005 9.996E-005 0.9995 9.996E-005 9.996E-005 9.996E-005
0.00444035 0.00544026 0.951785 0.0381349 9.9982E-005 9.9982E-005
0.110575 0.00725082 0.881874 9.9973E-005 9.9973E-005 9.9973E-005
9.9964E-005 9.9964E-005 0.945113 9.9964E-005 9.9964E-005 0.0544876
9.9973E-005 9.9973E-005 0.510571 0.0716327 9.9973E-005 0.417497
9.9973E-005 9.9973E-005 9.9973E-005 0.833221 0.00128162 0.165197
9.9964E-005 9.9964E-005 0.055661 0.943939 9.9964E-005 9.9964E-005
0.0809625 9.9964E-005 9.9964E-005 0.918638 9.9964E-005 9.9964E-005
0.144522 0.05219 0.00350103 0.763703 9.9991E-005 0.035984
9.9982E-005 0.0893056 9.9982E-005 0.669094 0.0138462 0.227555
0.0444681 9.9982E-005 0.0184409 0.75177 9.9982E-005 0.185121
9.9973E-005 0.00787423 0.0393976 0.952428 9.9973E-005 9.9973E-005
0.0348648 9.9973E-005 9.9973E-005 0.798962 9.9973E-005 0.165873
0.00762692 9.9982E-005 9.9982E-005 0.681256 0.0252451 0.285672
0.00326654 0.0146898 0.0143488 0.575012 9.9991E-005 0.392582
9.9964E-005 9.9964E-005 0.00770406 0.991896 9.9964E-005 9.9964E-005
0.26383 0.173148 0.138476 0.0213916 0.016515 0.38664
0.193201 0.496014 0.059424 0.0184066 0.0288153 0.204139
9.996E-005 0.9995 9.996E-005 9.996E-005 9.996E-005 9.996E-005
0.197023 0.560252 0.0413766 9.9982E-005 9.9982E-005 0.201149
9.996E-005 0.9995 9.996E-005 9.996E-005 9.996E-005 9.996E-005
9.996E-005 0.9995 9.996E-005 9.996E-005 9.996E-005 9.996E-005
9.996E-005 0.9995 9.996E-005 9.996E-005 9.996E-005 9.996E-005
9.9991E-005 0.756465 0.0584092 0.0153813 0.0125609 0.157083
0.167142 0.615813 0.0222587 0.0390688 9.9991E-005 0.155618
0.9995 9.996E-005 9.996E-005 9.996E-005 9.996E-005 9.996E-005
0.82643 0.0220739 0.0574683 0.0821 0.0118279 9.9991E-005
0.965699 0.0117756 9.9973E-005 9.9973E-005 0.022226 9.9973E-005
0.9995 9.996E-005 9.996E-005 9.996E-005 9.996E-005 9.996E-005
0.9995 9.996E-005 9.996E-005 9.996E-005 9.996E-005 9.996E-005
0.991609 9.9964E-005 9.9964E-005 9.9964E-005 0.0079915 9.9964E-005
0.931211 0.0404258 0.0114679 0.00620676 0.0105888 9.9991E-005
0.9995 9.996E-005 9.996E-005 9.996E-005 9.996E-005 9.996E-005
0.958205 0.0413956 9.99639E-005 9.99639E-005 9.99639E-005 9.99639E-005
0.9995 9.996E-005 9.996E-005 9.996E-005 9.996E-005 9.996E-005
0.9884 9.9964E-005 9.9964E-005 0.0112002 9.9964E-005 9.9964E-005
