9.9973E-005 0.130555 0.128479 0.740666 9.9973E-005 9.9973E-005
9.9973E-005 0.142841 0.143267 0.713592 9.9973E-005 9.9973E-005
9.9991E-005 0.034835 0.0695211 0.658561 0.0134816 0.223501
0.0128792 0.0450513 0.0541998 0.78208 0.000710452 0.10508
9.999E-005 0.0886148 0.0667157 0.769803 0.012709 0.0620579
9.9973E-005 0.101606 0.0702524 0.827841 9.9973E-005 9.9973E-005
9.9973E-005 0.111933 0.133075 0.754692 9.9973E-005 9.9973E-005
9.9982E-005 0.151594 0.102373 0.63801 9.9982E-005 0.107823
9.999E-005 0.155218 0.109767 0.64246 0.0286201 0.0638357
0.0129514 0.0813188 0.178016 0.640673 9.9991E-005 0.0869408
9.99819E-005 0.0673611 0.165532 0.755774 0.0111322 9.99819E-005
9.9982E-005 9.9982E-005 0.0114136 0.0106329 0.966148 0.0116052
0.00603557 9.9964E-005 9.9964E-005 9.9964E-005 0.993565 9.9964E-005
0.0177233 0.0181216 0.0306656 9.9991E-005 0.910439 0.0229503
9.9982E-005 9.9982E-005 0.00315979 0.0173326 0.951297 0.0280111
9.996E-005 9.996E-005 9.996E-005 9.996E-005 0.9995 9.996E-005
0.9995 9.996E-005 9.996E-005 9.996E-005 9.996E-005 9.996E-005
9.9973E-005 9.9973E-005 0.00099452 0.00168162 0.997024 9.9973E-005
0.00146451 9.9964E-005 9.9964E-005 9.9964E-005 0.998136 9.9964E-005
9.9973E-005 0.0113818 9.9973E-005 0.162027 9.9973E-005 0.826291
0.00407444 0.0874009 9.9991E-005 0.163698 0.00787194 0.736855
0.00805933 0.0212366 9.9991E-005 0.17993 0.000563938 0.79011
9.999E-005 0.0270157 0.125632 0.204855 0.0042525 0.638145
0.0209561 0.119751 0.188214 0.0376683 0.014854 0.618557
0.00124928 0.0759918 0.0299527 0.360284 9.9991E-005 0.532423
9.996E-005 0.9995 9.996E-005 9.996E-005 9.996E-005 9.996E-005
9.999E-005 0.855246 0.0110732 0.00477926 0.0100302 0.118771
9.99639E-005 0.994017 9.99639E-005 9.99639E-005 9.99639E-005 0.00558351
0.0190871 0.8369 9.9982E-005 9.9982E-005 0.017802 0.126011
9.9973E-005 0.132056 0.0487962 0.818848 9.9973E-005 9.9973E-005
9.9973E-005 0.985272 9.9973E-005 9.9973E-005 0.00425628 0.0101722
9.9964E-005 0.998803 9.9964E-005 9.9964E-005 0.000797203 9.9964E-005
9.9982E-005 0.950093 0.0301193 9.9982E-005 0.00081453 0.0187731
9.9973E-005 0.873387 0.0112972 9.9973E-005 9.9973E-005 0.115016
0.0026924 0.969215 0.00606579 0.0218267 9.9982E-005 9.9982E-005
9.9973E-005 0.553316 0.00982842 0.436556 9.9973E-005 9.9973E-005
0.0191291 9.9982E-005 9.9982E-005 0.949608 0.00223262 0.0288302
0.0188383 0.016383 9.9982E-005 0.836851 9.9982E-005 0.127728
0.00934009 9.9973E-005 9.9973E-005 0.774435 9.9973E-005 0.215925
0.00798061 9.9982E-005 0.023645 0.715344 9.9982E-005 0.25283
0.00161517 9.9991E-005 0.0550387 0.827724 0.0236987 0.0918236
9.9964E-005 9.9964E-005 9.9964E-005 0.845063 9.9964E-005 0.154537
0.0123064 9.9973E-005 9.9973E-005 0.880644 9.9973E-005 0.10675
9.9964E-005 9.9964E-005 9.9964E-005 0.873753 9.9964E-005 0.125847
9.9973E-005 9.9973E-005 9.9973E-005 0.874387 0.028112 0.0972008
0.0117481 9.9982E-005 0.0638923 0.861327 9.9982E-005 0.0628324
0.0252659 9.99731E-005 9.99731E-005 0.883089 9.99731E-005 0.0913455
0.00762913 0.192918 0.229312 0.33716 0.0083688 0.224613
9.9991E-005 0.0529793 0.616721 0.151941 0.0212494 0.157009
9.996E-005 9.996E-005 0.9995 9.996E-005 9.996E-005 9.996E-005
9.9982E-005 0.0611994 0.662039 0.117849 9.9982E-005 0.158713
9.996E-005 9.996E-005 0.9995 9.996E-005 9.996E-005 9.996E-005
9.996E-005 9.996E-005 0.9995 9.996E-005 9.996E-005 9.996E-005
9.996E-005 9.996E-005 0.9995 9.996E-005 9.996E-005 9.996E-005
9.9982E-005 0.0627517 0.800953 0.117321 0.0187741 9.9982E-005
9.9982E-005 0.0400007 0.685674 0.118584 9.9982E-005 0.155541
9.9964E-005 0.00725247 9.9964E-005 9.9964E-005 9.9964E-005 0.992348
0.0307394 0.0533286 0.0371968 0.0529191 0.00479053 0.821026
0.0218173 9.9973E-005 0.00149975 9.9973E-005 9.9973E-005 0.976383
9.996E-005 9.996E-005 9.996E-005 9.996E-005 9.996E-005 0.9995
9.996E-005 9.996E-005 9.996E-005 9.996E-005 9.996E-005 0.9995
9.9964E-005 9.9964E-005 9.9964E-005 9.9964E-005 0.0157816 0.983819
9.9982E-005 0.00345245 0.0477656 9.9982E-005 0.0154641 0.933118
0.00773086 9.99697E-005 9.99697E-005 9.99697E-005 9.99697E-005 0.991869
9.9973E-005 9.9973E-005 0.0267312 9.9973E-005 0.000912012 0.972057
9.996E-005 9.996E-005 9.996E-005 9.996E-005 9.996E-005 0.9995
9.9973E-005 0.000435419 0.00708214 9.9973E-005 9.9973E-005 0.992183
