0.7458 9.9982E-005 0.129391 9.9982E-005 0.124609
0.715919 9.9982E-005 0.138428 9.9982E-005 0.145453
0.654409 0.202702 0.0565754 0.0126157 0.0736978
0.795929 0.119637 0.0302171 0.0107895 0.0434269
0.7676 0.059665 0.108815 0.00860343 0.0553163
0.805432 9.9982E-005 0.104074 9.9982E-005 0.0902943
0.755193 9.9982E-005 0.0987664 9.9982E-005 0.145841
0.64487 0.103584 0.136073 9.9991E-005 0.115372
0.681802 0.0620074 0.143476 0.0179595 0.0947556
0.660484 0.0729016 0.0767173 9.9991E-005 0.189797
0.749866 9.9991E-005 0.0532613 0.0116953 0.185077
0.0112378 0.0112959 0.000857095 0.976509 9.9991E-005
9.997E-005 9.997E-005 9.997E-005 0.9996 9.997E-005
9.999E-005 0.00738117 0.0299599 0.927593 0.0349662
0.0168918 0.00212045 9.9991E-005 0.972122 0.00876581
9.997E-005 9.997E-005 9.997E-005 0.9996 9.997E-005
0.108004 0.0904232 0.0492576 0.730332 0.0219827
9.997E-005 9.997E-005 9.997E-005 0.9996 9.997E-005
9.997E-005 9.997E-005 9.997E-005 0.9996 9.997E-005
0.155764 0.809881 0.0341556 9.9982E-005 9.9982E-005
0.182425 0.733132 0.0706799 0.0136635 9.9991E-005
0.192018 0.784435 0.0141266 0.00932075 9.9991E-005
0.206836 0.625388 0.0190533 0.0112358 0.137486
0.0422057 0.62475 0.116299 0.0304409 0.186304
0.362047 0.50591 0.081296 0.000232941 0.0505141
9.997E-005 9.997E-005 0.9996 9.997E-005 9.997E-005
0.0158801 0.115844 0.834783 0.00431538 0.0291779
9.9973E-005 0.00413308 0.995567 9.9973E-005 9.9973E-005
0.0172049 0.120823 0.842015 0.0198569 9.9991E-005
0.806681 9.9982E-005 0.13478 9.9982E-005 0.058339
9.9982E-005 0.016087 0.977583 0.00612959 9.9982E-005
9.997E-005 9.997E-005 0.9996 9.997E-005 9.997E-005
9.9991E-005 0.00533278 0.96294 0.00387017 0.0277568
9.9982E-005 0.0929777 0.896781 9.9982E-005 0.0100414
0.0285652 9.9982E-005 0.968456 9.9982E-005 0.00277926
0.433611 9.9982E-005 0.559565 9.9982E-005 0.00662367
0.950511 0.0303108 9.9982E-005 0.0189786 9.9982E-005
0.832786 0.130405 0.0219073 0.014801 9.9991E-005
0.788859 0.20553 9.9982E-005 0.00541155 9.9982E-005
0.729049 0.260137 9.9982E-005 9.9982E-005 0.0106147
0.83098 0.0727729 9.9991E-005 0.016921 0.0792258
0.837521 0.162179 9.9973E-005 9.9973E-005 9.9973E-005
0.869654 0.120804 9.9982E-005 0.0093427 9.9982E-005
0.872833 0.126867 9.9973E-005 9.9973E-005 9.9973E-005
0.882321 0.091842 9.9982E-005 0.0256371 9.9982E-005
0.891236 0.0789584 0.0070982 9.9991E-005 0.022607
0.881286 0.108354 9.9982E-005 0.0101597 9.9982E-005
0.339029 0.23434 0.175731 0.0109957 0.239905
0.153458 0.161782 0.0611537 0.0231916 0.600414
9.997E-005 9.997E-005 9.997E-005 9.997E-005 0.9996
0.113948 0.142487 0.054499 9.9991E-005 0.688967
9.99729E-005 9.99729E-005 9.99729E-005 0.00136939 0.998331
9.997E-005 9.997E-005 9.997E-005 9.997E-005 0.9996
9.997E-005 9.997E-005 9.997E-005 9.997E-005 0.9996
0.114885 9.9991E-005 0.0600291 0.0104098 0.814576
0.123363 0.14407 0.0538086 9.9991E-005 0.678659
9.9973E-005 0.999501 0.000199287 9.9973E-005 9.9973E-005
0.0644415 0.839953 0.0635823 0.0173449 0.0146781
9.9982E-005 0.985524 0.00163608 0.0126404 9.9982E-005
9.997E-005 0.9996 9.997E-005 9.997E-005 9.997E-005
9.997E-005 0.9996 9.997E-005 9.997E-005 9.997E-005
9.9973E-005 0.986415 9.9973E-005 0.0132851 9.9973E-005
9.9991E-005 0.923653 0.0202918 0.0120022 0.0439531
9.997E-005 0.9996 9.997E-005 9.997E-005 9.997E-005
9.9973E-005 0.968844 9.9973E-005 9.9973E-005 0.030856
9.997E-005 0.9996 9.997E-005 9.997E-005 9.997E-005
9.9973E-005 0.989864 0.00983594 9.9973E-005 9.9973E-005
