9.9964E-005 9.9964E-005 0.735663 9.9964E-005 0.108369 9.9964E-005 0.155569
0.00959383 9.9973E-005 0.685213 9.9973E-005 0.152022 9.9973E-005 0.152871
0.00672817 0.0123255 0.569152 9.9991E-005 0.0934871 0.300572 0.0176344
0.0145049 0.00609959 0.699842 9.9991E-005 0.0597026 0.164291 0.0554605
9.9982E-005 0.0126031 0.696352 9.9982E-005 0.0715774 0.125323 0.0939453
0.0059458 9.9982E-005 0.816327 9.9982E-005 0.0878528 0.00211469 0.0875594
9.9964E-005 9.9964E-005 0.745445 9.9964E-005 0.124786 9.9964E-005 0.129369
9.9982E-005 9.9982E-005 0.591397 0.00250328 0.113385 0.150829 0.141686
9.99819E-005 0.0221564 0.629426 9.99819E-005 0.122141 0.105489 0.120587
9.9973E-005 9.9973E-005 0.603964 9.9973E-005 0.165508 0.193491 0.0367369
9.99819E-005 0.00939802 0.718236 9.99819E-005 0.183291 0.0267017 0.0621735
0.000350302 0.962953 0.0112332 9.9973E-005 9.9973E-005 0.0251634 9.9973E-005
0.00895652 0.990544 9.9955E-005 9.9955E-005 9.9955E-005 9.9955E-005 9.9955E-005
0.000453351 0.918427 0.00419748 9.9991E-005 0.022218 0.0262078 0.0283959
0.0166539 0.941818 0.0178701 0.0114264 0.00814028 0.00399172 9.9991E-005
9.995E-005 0.9994 9.995E-005 9.995E-005 9.995E-005 9.995E-005 9.995E-005
0.9994 9.995E-005 9.995E-005 9.995E-005 9.995E-005 9.995E-005 9.995E-005
9.9955E-005 0.999075 9.9955E-005 0.000424841 9.9955E-005 9.9955E-005 9.9955E-005
9.995E-005 0.9994 9.995E-005 9.995E-005 9.995E-005 9.995E-005 9.995E-005
9.99549E-005 9.99549E-005 9.99549E-005 0.00239588 9.99549E-005 0.997104 9.99549E-005
0.000909641 0.00317299 9.99639E-005 9.99639E-005 9.99639E-005 0.995518 9.99639E-005
9.995E-005 9.995E-005 9.995E-005 9.995E-005 9.995E-005 0.9994 9.995E-005
9.999E-005 0.00654291 0.192041 0.606594 0.153927 0.0167068 0.0240894
9.9982E-005 0.0361138 9.9982E-005 0.42681 0.159605 0.260592 0.116679
9.9991E-005 0.000382861 0.21648 0.0960702 0.042493 0.590925 0.0535488
9.995E-005 9.995E-005 9.995E-005 9.995E-005 9.995E-005 9.995E-005 0.9994
9.99729E-005 0.0100072 9.99729E-005 0.119607 0.0112979 9.99729E-005 0.858788
9.99549E-005 9.99549E-005 9.99549E-005 0.00585764 9.99549E-005 9.99549E-005 0.993643
0.020742 0.0106313 9.9982E-005 0.0755423 9.9982E-005 0.0547765 0.838108
9.9964E-005 9.9964E-005 0.800121 9.9964E-005 0.050991 9.9964E-005 0.148488
9.9964E-005 0.00403582 9.9964E-005 0.0152029 9.9964E-005 9.9964E-005 0.980361
0.00113706 9.9955E-005 9.9955E-005 9.9955E-005 9.9955E-005 9.9955E-005 0.998363
0.000728827 0.000496656 9.9982E-005 9.9982E-005 0.00287462 0.0543186 0.941381
9.9964E-005 9.9964E-005 9.9964E-005 0.117629 0.00628998 9.9964E-005 0.875681
0.00320422 9.9973E-005 0.0177455 9.9973E-005 9.9973E-005 0.0257992 0.952951
9.99639E-005 9.99639E-005 0.423853 9.99639E-005 0.013804 9.99639E-005 0.561943
0.00477098 0.00296677 0.940215 0.0517476 9.9973E-005 9.9973E-005 9.9973E-005
0.0180712 9.9973E-005 0.835129 0.14245 9.9973E-005 9.9973E-005 0.00404959
0.00747688 9.9964E-005 0.757671 0.234452 9.9964E-005 9.9964E-005 9.9964E-005
9.9973E-005 0.00116778 0.725922 0.264338 9.9973E-005 0.00827203 9.9973E-005
9.9973E-005 0.0268011 0.817085 0.0866185 0.069196 9.9973E-005 9.9973E-005
9.9955E-005 9.9955E-005 0.828886 0.170614 9.9955E-005 9.9955E-005 9.9955E-005
0.0100062 9.9964E-005 0.862474 0.12712 9.9964E-005 9.9964E-005 9.9964E-005
9.9955E-005 9.9955E-005 0.867504 0.131997 9.9955E-005 9.9955E-005 9.9955E-005
9.99639E-005 0.0262032 0.868622 0.104775 9.99639E-005 9.99639E-005 9.99639E-005
0.0088557 9.9991E-005 0.841803 0.0572477 0.0344893 0.0318686 0.0256353
0.0108622 9.99641E-005 0.863691 0.125047 9.99641E-005 9.99641E-005 9.99641E-005
0.0181522 0.000502126 0.287778 0.11799 0.241732 0.142108 0.191737
0.0127171 0.0134262 0.124772 9.999E-005 0.532757 0.257717 0.0585113
9.995E-005 9.995E-005 9.995E-005 9.995E-005 0.9994 9.995E-005 9.995E-005
9.9973E-005 9.9973E-005 0.0902425 9.9973E-005 0.571778 0.296612 0.0410682
9.99549E-005 9.99549E-005 9.99549E-005 0.00222318 0.997277 9.99549E-005 9.99549E-005
9.995E-005 9.995E-005 9.995E-005 9.995E-005 0.9994 9.995E-005 9.995E-005
9.995E-005 9.995E-005 9.995E-005 9.995E-005 0.9994 9.995E-005 9.995E-005
9.998E-005 0.00962346 0.114093 9.998E-005 0.742326 0.0583422 0.0754149
0.00468508 9.998E-005 0.0830554 9.998E-005 0.602111 0.269146 0.0408027
9.9964E-005 9.9964E-005 9.9964E-005 0.949394 9.9964E-005 0.0310652 0.0191413
0.026981 9.9991E-005 0.0513914 0.795171 0.0306207 0.0320852 0.0636502
0.0143521 0.00240797 9.9973E-005 0.891855 9.9973E-005 0.0910849 9.9973E-005
9.995E-005 9.995E-005 9.995E-005 0.9994 9.995E-005 9.995E-005 9.995E-005
9.9955E-005 9.9955E-005 9.9955E-005 0.954597 9.9955E-005 0.0449034 9.9955E-005
9.996E-005 0.0154515 9.996E-005 0.909705 9.996E-005 0.0744441 9.996E-005
9.9982E-005 0.0110427 9.9982E-005 0.866947 0.0398059 0.067362 0.0146419
0.00354601 9.9973E-005 9.9973E-005 0.978459 9.9973E-005 0.0116017 0.00609372
9.99639E-005 0.00183804 9.99639E-005 0.957615 0.0401468 9.99639E-005 9.99639E-005
9.995E-005 9.995E-005 9.995E-005 0.9994 9.995E-005 9.995E-005 9.995E-005
9.9964E-005 9.9964E-005 0.00360962 0.972289 9.9964E-005 9.9964E-005 0.0237011
