0.9998 9.999E-005 9.999E-005
0.994249 0.00565118 9.9991E-005
0.757789 0.0205285 0.221683
0.880882 0.0175237 0.101594
0.903228 0.0187101 0.0780618
0.996426 0.0034743 9.9991E-005
0.9998 9.999E-005 9.999E-005
0.831333 9.9991E-005 0.168567
0.857161 0.0294725 0.113366
0.851936 9.9991E-005 0.147964
0.962214 0.0224398 0.0153461
0.0131826 0.97603 0.010787
9.999E-005 0.9998 9.999E-005
0.0323591 0.928666 0.0389752
0.0205593 0.968074 0.0113665
9.999E-005 0.9998 9.999E-005
0.157536 0.726404 0.116061
9.999E-005 0.9998 9.999E-005
9.999E-005 0.9998 9.999E-005
0.158893 0.000808067 0.840299
0.209353 0.0126507 0.777997
0.18524 0.0123729 0.802387
0.290023 0.0104816 0.699496
0.200365 0.0285095 0.771125
0.434863 0.00493714 0.560199
0.633911 9.9991E-005 0.365989
0.588291 9.9991E-005 0.411609
0.628295 9.9991E-005 0.371605
0.580495 0.0123019 0.407204
0.9998 9.999E-005 9.999E-005
0.647186 9.9991E-005 0.352714
0.691191 9.9991E-005 0.308709
0.647464 9.9991E-005 0.352436
0.566101 9.9991E-005 0.433799
0.673768 9.9991E-005 0.326132
0.913798 9.9991E-005 0.086102
0.937732 0.0369985 0.0252692
0.844719 0.0263294 0.128952
0.74649 0.0332326 0.220277
0.724665 0.00941974 0.265915
0.88024 0.0354734 0.0842862
0.846643 0.0109774 0.142379
0.873957 0.0230808 0.102962
0.877146 9.99918E-005 0.122754
0.884691 0.0427726 0.0725362
0.928823 0.00785779 0.063319
0.874097 0.0280696 0.0978334
0.609168 0.00561172 0.38522
0.527259 0.0239271 0.448814
0.558005 9.9991E-005 0.441895
0.534284 9.9991E-005 0.465616
0.531305 0.00895822 0.459736
0.5369 9.9991E-005 0.463
0.55147 9.9991E-005 0.44843
0.646516 0.00929908 0.344185
0.549085 9.9991E-005 0.450815
9.999E-005 9.999E-005 0.9998
0.0820882 0.0205546 0.897357
9.9991E-005 0.0127416 0.987158
9.999E-005 9.999E-005 0.9998
9.999E-005 9.999E-005 0.9998
9.9991E-005 0.00933625 0.990564
9.9991E-005 0.0159735 0.983927
9.999E-005 9.999E-005 0.9998
9.999E-005 9.999E-005 0.9998
9.999E-005 9.999E-005 0.9998
9.999E-005 9.999E-005 0.9998
