9.995E-005 9.995E-005 9.995E-005 9.995E-005 9.995E-005 0.9994 9.995E-005
9.9964E-005 0.0138998 9.9964E-005 0.976194 0.00950666 9.9964E-005 9.9964E-005
0.00915241 9.9982E-005 0.176268 0.609007 9.9982E-005 0.0932822 0.11209
9.99549E-005 9.99549E-005 0.0206793 0.978821 9.99549E-005 9.99549E-005 9.99549E-005
9.99549E-005 9.99549E-005 0.00292586 0.996574 9.99549E-005 9.99549E-005 9.99549E-005
9.9973E-005 0.0152271 9.9973E-005 0.533574 9.9973E-005 0.292397 0.158502
9.995E-005 9.995E-005 9.995E-005 9.995E-005 9.995E-005 0.9994 9.995E-005
9.999E-005 0.0566293 0.102008 0.401527 0.0330069 0.255534 0.151195
0.0139589 0.0590858 0.0620496 0.820091 0.0146618 0.0300525 9.9991E-005
0.00879249 9.9982E-005 0.107353 0.315461 0.0119684 0.556225 9.9982E-005
0.0162157 9.99819E-005 9.99819E-005 0.463709 0.0524257 0.387281 0.0801683
0.984106 0.00440669 9.9973E-005 9.9973E-005 9.9973E-005 0.000249894 0.010937
0.9994 9.995E-005 9.995E-005 9.995E-005 9.995E-005 9.995E-005 9.995E-005
0.933649 0.0118978 0.00659932 9.9991E-005 0.0298046 0.00707693 0.0108721
0.957756 9.9982E-005 0.00928325 0.012279 0.006598 0.0138833 9.9982E-005
0.9994 9.995E-005 9.995E-005 9.995E-005 9.995E-005 9.995E-005 9.995E-005
0.733607 0.0569061 0.0858031 0.00229476 9.9991E-005 0.0481212 0.0731678
0.9994 9.995E-005 9.995E-005 9.995E-005 9.995E-005 9.995E-005 9.995E-005
0.9994 9.995E-005 9.995E-005 9.995E-005 9.995E-005 9.995E-005 9.995E-005
9.9955E-005 9.9955E-005 0.801683 0.197817 9.9955E-005 9.9955E-005 9.9955E-005
0.0138709 0.0261204 0.733312 0.195394 9.9982E-005 0.0311028 9.9982E-005
0.00844752 9.9973E-005 0.760328 0.206802 9.9973E-005 9.9973E-005 0.024122
0.00809293 9.9991E-005 0.613767 0.025815 0.119222 0.199701 0.0333025
0.0259086 0.119061 0.626555 0.0410241 0.158389 0.00436081 0.0247015
9.9973E-005 0.0252092 0.503734 0.468197 9.9973E-005 9.9973E-005 0.00256002
9.995E-005 0.9994 9.995E-005 9.995E-005 9.995E-005 9.995E-005 9.995E-005
0.00777957 0.818368 0.104497 9.9982E-005 0.040331 0.0288243 9.9982E-005
9.995E-005 0.9994 9.995E-005 9.995E-005 9.995E-005 9.995E-005 9.995E-005
0.0264434 0.827544 0.110926 0.00340429 9.9982E-005 9.9982E-005 0.0314818
9.9973E-005 0.0352728 9.9973E-005 0.564264 9.9973E-005 0.392332 0.00783128
0.0102707 0.961874 0.000141311 0.00359741 9.9982E-005 9.9982E-005 0.0239167
9.995E-005 0.9994 9.995E-005 9.995E-005 9.995E-005 9.995E-005 9.995E-005
0.0041389 0.946734 0.0128178 9.9991E-005 0.00554646 0.0141417 0.0165215
9.9973E-005 0.884281 0.103075 9.9973E-005 0.00505903 0.00728462 9.9973E-005
9.9955E-005 0.952545 9.9955E-005 0.0469553 9.9955E-005 9.9955E-005 9.9955E-005
9.9973E-005 0.49969 9.9973E-005 0.336046 9.9973E-005 0.0995966 0.0643675
0.0012785 9.9973E-005 9.9973E-005 0.0502399 9.9973E-005 0.0993744 0.848807
9.9955E-005 0.0573599 9.9955E-005 9.9955E-005 9.9955E-005 9.9955E-005 0.94214
9.9955E-005 9.9955E-005 0.0744949 9.9955E-005 9.9955E-005 9.9955E-005 0.925005
9.9973E-005 9.9973E-005 0.13187 0.065827 0.0499077 9.9973E-005 0.752095
0.0143052 9.9982E-005 9.9982E-005 0.15944 0.0495295 0.110534 0.665992
9.9973E-005 9.9973E-005 0.0616833 0.00341246 9.9973E-005 0.260265 0.67434
9.9964E-005 0.0330029 9.9964E-005 9.9964E-005 0.00521003 9.9964E-005 0.961387
9.9964E-005 9.9964E-005 0.0130587 9.9964E-005 9.9964E-005 0.258287 0.728254
0.0210685 9.99729E-005 9.99729E-005 0.201943 9.99729E-005 0.0934287 0.68326
9.9964E-005 9.9964E-005 9.9964E-005 0.127687 9.9964E-005 0.306259 0.565654
9.995E-005 9.995E-005 9.995E-005 9.995E-005 9.995E-005 9.995E-005 0.9994
0.0247852 0.10941 0.275533 0.0397735 0.0954861 0.437067 0.0179453
0.0265906 9.9973E-005 0.250474 9.9973E-005 0.305923 0.416712 9.9973E-005
9.995E-005 9.995E-005 9.995E-005 9.995E-005 0.9994 9.995E-005 9.995E-005
9.9964E-005 9.9964E-005 0.245678 9.9964E-005 0.293603 0.460319 9.9964E-005
9.995E-005 9.995E-005 9.995E-005 9.995E-005 0.9994 9.995E-005 9.995E-005
9.995E-005 9.995E-005 9.995E-005 9.995E-005 0.9994 9.995E-005 9.995E-005
9.995E-005 9.995E-005 9.995E-005 9.995E-005 0.9994 9.995E-005 9.995E-005
0.0138982 0.0572861 9.9991E-005 0.0373 0.690594 0.198817 0.00200511
9.9964E-005 9.9964E-005 0.239654 9.9964E-005 0.313517 0.446429 9.9964E-005
9.9955E-005 9.9955E-005 0.998006 9.9955E-005 9.9955E-005 0.00149429 9.9955E-005
0.00950567 0.0462031 0.812325 9.9982E-005 0.0362101 9.9982E-005 0.0955565
0.0189812 9.9973E-005 0.963706 9.9973E-005 0.0129071 0.00410553 9.9973E-005
9.995E-005 9.995E-005 0.9994 9.995E-005 9.995E-005 9.995E-005 9.995E-005
9.995E-005 9.995E-005 0.9994 9.995E-005 9.995E-005 9.995E-005 9.995E-005
0.0134532 9.9955E-005 0.986047 9.9955E-005 9.9955E-005 9.9955E-005 9.9955E-005
0.0177305 0.00671208 0.922691 9.9982E-005 0.0399243 9.9982E-005 0.0127424
9.995E-005 9.995E-005 0.9994 9.995E-005 9.995E-005 9.995E-005 9.995E-005
9.99549E-005 9.99549E-005 0.958646 9.99549E-005 0.0408541 9.99549E-005 9.99549E-005
9.995E-005 9.995E-005 0.9994 9.995E-005 9.995E-005 9.995E-005 9.995E-005
9.9964E-005 0.00552409 0.987871 9.9964E-005 9.9964E-005 9.9964E-005 0.00620485
