0.00547869 9.9964E-005 9.9964E-005 0.0306276 0.963494 9.9964E-005 9.9964E-005
0.057061 9.9973E-005 9.9973E-005 0.0393566 0.897165 9.9973E-005 0.00611786
0.00835293 0.0123161 0.158284 9.9982E-005 0.592545 0.228302 9.9982E-005
9.9973E-005 0.0024878 9.9973E-005 9.9973E-005 0.871635 0.118607 0.00697029
9.99639E-005 0.00694095 9.99639E-005 9.99639E-005 0.902794 0.089865 9.99639E-005
0.00476717 9.9982E-005 0.132798 0.0134713 0.845957 9.9982E-005 0.00280678
0.0143954 9.9973E-005 9.9973E-005 0.00190416 0.982812 0.000589 9.9973E-005
0.0448434 9.9982E-005 0.151806 0.0870866 0.596038 0.120026 9.9982E-005
9.99819E-005 0.0233668 0.00667866 0.051712 0.791797 0.126245 9.99819E-005
0.0368379 9.9964E-005 9.9964E-005 9.9964E-005 0.815786 0.146976 9.9964E-005
0.0925075 0.0187293 0.0626531 9.9982E-005 0.820414 0.00549651 9.9982E-005
0.00399176 0.965892 0.0156737 9.9973E-005 9.9973E-005 0.0141427 9.9973E-005
9.9955E-005 0.995013 9.9955E-005 9.9955E-005 9.9955E-005 9.9955E-005 0.00448712
0.0281526 0.90048 0.0167614 0.0279424 9.9991E-005 0.0064391 0.0201247
9.999E-005 0.944853 0.0166978 0.00040764 0.0145832 0.0171537 0.00620464
9.995E-005 0.9994 9.995E-005 9.995E-005 9.995E-005 9.995E-005 9.995E-005
9.995E-005 9.995E-005 9.995E-005 9.995E-005 9.995E-005 9.995E-005 0.9994
9.99549E-005 0.993719 9.99549E-005 9.99549E-005 9.99549E-005 9.99549E-005 0.00578145
9.995E-005 0.9994 9.995E-005 9.995E-005 9.995E-005 9.995E-005 9.995E-005
9.9955E-005 9.9955E-005 9.9955E-005 9.9955E-005 0.172011 0.827489 9.9955E-005
9.9973E-005 0.0103392 9.9973E-005 0.0469073 0.203514 0.738939 9.9973E-005
9.9982E-005 9.9982E-005 0.0324841 0.0108563 0.175099 0.76046 0.0209007
0.131015 0.0101529 0.0433782 9.9982E-005 0.182765 0.63249 9.9982E-005
0.167227 0.0270762 0.0388071 0.118093 0.010287 0.632529 0.00598104
9.9982E-005 9.9982E-005 0.0255975 0.0538344 0.395045 0.522909 0.00241414
9.995E-005 9.995E-005 9.995E-005 0.9994 9.995E-005 9.995E-005 9.995E-005
0.0267155 0.00686967 9.9982E-005 0.837983 0.0181166 0.110116 9.9982E-005
9.995E-005 9.995E-005 9.995E-005 0.9994 9.995E-005 9.995E-005 9.995E-005
9.9982E-005 0.0110169 0.0429438 0.833959 9.9982E-005 0.0838766 0.0280042
9.99551E-005 9.99551E-005 9.99551E-005 0.0450729 0.954427 9.99551E-005 9.99551E-005
0.00668816 0.00182038 0.00655007 0.984641 9.9973E-005 9.9973E-005 9.9973E-005
9.995E-005 9.995E-005 9.995E-005 0.9994 9.995E-005 9.995E-005 9.995E-005
0.0112121 9.9964E-005 0.0314028 0.956985 9.9964E-005 9.9964E-005 9.9964E-005
0.0245978 9.9964E-005 9.9964E-005 0.871557 9.9964E-005 0.103446 9.9964E-005
0.0014254 9.9973E-005 9.9973E-005 0.94705 0.0429654 9.9973E-005 0.00825964
9.9973E-005 9.9973E-005 0.0617415 0.505713 0.429751 9.9973E-005 0.00249481
9.9964E-005 0.00473283 0.868175 9.9964E-005 0.126692 9.9964E-005 9.9964E-005
9.9955E-005 9.9955E-005 0.941365 0.0581352 9.9955E-005 9.9955E-005 9.9955E-005
9.9955E-005 9.9955E-005 0.906425 9.9955E-005 9.9955E-005 0.0930748 9.9955E-005
0.0473126 9.9973E-005 0.772132 9.9973E-005 0.0459351 0.13432 9.9973E-005
0.0816088 0.0160579 0.658485 9.9973E-005 0.243548 9.9973E-005 9.9973E-005
9.9973E-005 9.9973E-005 0.744743 0.0125581 0.176602 0.065797 9.9973E-005
0.00703447 9.9973E-005 0.968193 0.0198307 9.9973E-005 9.9973E-005 0.00464171
9.9964E-005 9.9964E-005 0.805401 9.9964E-005 0.16308 0.031119 9.9964E-005
9.99729E-005 0.025241 0.657561 9.99729E-005 0.301962 0.0149356 9.99729E-005
0.0286925 9.9982E-005 0.588865 0.00105329 0.375093 0.00609589 9.9982E-005
9.99551E-005 9.99551E-005 0.993784 0.00571661 9.99551E-005 9.99551E-005 9.99551E-005
0.179095 0.00376447 0.0203783 0.132095 0.392912 0.263546 0.00820945
0.500375 0.00574162 0.0239525 0.0608566 0.179915 0.196251 0.032908
0.9994 9.995E-005 9.995E-005 9.995E-005 9.995E-005 9.995E-005 9.995E-005
0.567328 9.9982E-005 9.9982E-005 0.040487 0.188963 0.197416 0.00560602
0.9994 9.995E-005 9.995E-005 9.995E-005 9.995E-005 9.995E-005 9.995E-005
0.9994 9.995E-005 9.995E-005 9.995E-005 9.995E-005 9.995E-005 9.995E-005
0.9994 9.995E-005 9.995E-005 9.995E-005 9.995E-005 9.995E-005 9.995E-005
0.749632 0.0201447 9.9973E-005 0.053975 0.175948 9.9973E-005 9.9973E-005
0.610702 9.9982E-005 0.0166302 0.0350241 0.162409 0.175035 9.9982E-005
9.9955E-005 9.9955E-005 9.9955E-005 0.00488388 9.9955E-005 0.994616 9.9955E-005
0.037359 9.9982E-005 0.0853359 0.0358083 9.9982E-005 0.810053 0.0312435
0.0141981 0.0040192 9.9973E-005 9.9973E-005 9.9973E-005 0.963744 0.0177387
9.995E-005 9.995E-005 9.995E-005 9.995E-005 9.995E-005 0.9994 9.995E-005
9.995E-005 9.995E-005 9.995E-005 9.995E-005 9.995E-005 0.9994 9.995E-005
9.9955E-005 0.016393 9.9955E-005 9.9955E-005 9.9955E-005 0.983107 9.9955E-005
0.0352107 0.0166219 0.00997891 0.019145 9.9982E-005 0.918844 9.9982E-005
9.9955E-005 9.9955E-005 9.9955E-005 9.9955E-005 9.9955E-005 0.992753 0.00674756
0.0305503 9.99549E-005 9.99549E-005 9.99549E-005 9.99549E-005 0.96895 9.99549E-005
9.995E-005 9.995E-005 9.995E-005 9.995E-005 9.995E-005 0.9994 9.995E-005
0.00340709 9.9964E-005 0.00672027 9.9964E-005 9.9964E-005 0.989473 9.9964E-005
