9.9964E-005 9.9964E-005 0.880596 0.00585908 0.0109324 0.102212 9.9964E-005 9.9964E-005
9.9973E-005 0.0235755 0.8555 9.9973E-005 0.0497482 0.0665172 0.00435879 9.9973E-005
0.0131909 9.9982E-005 0.546254 0.0879537 9.9982E-005 0.0856409 0.071306 0.195454
0.00551412 9.9955E-005 0.87045 9.9955E-005 9.9955E-005 9.9955E-005 9.9955E-005 0.123536
0.00449612 9.99549E-005 0.908756 9.99549E-005 9.99549E-005 9.99549E-005 9.99549E-005 0.0862485
9.9973E-005 0.0191212 0.795433 0.0974113 0.0308356 9.9973E-005 0.0568988 9.9973E-005
9.9955E-005 9.9955E-005 0.880697 0.00124982 9.9955E-005 0.117553 9.9955E-005 9.9955E-005
9.999E-005 0.0245037 0.601074 0.103318 0.0916947 0.00373942 0.0434216 0.132148
0.0169501 0.0302182 0.771088 9.99819E-005 0.0655677 9.99819E-005 0.00922881 0.106747
9.9955E-005 9.9955E-005 0.769081 9.9955E-005 9.9955E-005 0.0863392 9.9955E-005 0.14408
0.0167658 0.0833915 0.776746 0.0748747 9.9991E-005 0.0258738 0.0193472 0.00290107
0.963796 9.99551E-005 9.99551E-005 9.99551E-005 9.99551E-005 0.0259798 0.00972412 9.99551E-005
0.9993 9.994E-005 9.994E-005 9.994E-005 9.994E-005 9.994E-005 9.994E-005 9.994E-005
0.916698 0.0220656 9.9973E-005 0.0411996 0.0191656 0.000570792 9.9973E-005 9.9973E-005
0.962981 9.9973E-005 0.0147095 0.0120446 9.9973E-005 0.000370282 9.9973E-005 0.00959477
0.9993 9.994E-005 9.994E-005 9.994E-005 9.994E-005 9.994E-005 9.994E-005 9.994E-005
0.736266 9.9982E-005 0.0399816 9.9982E-005 0.0433823 0.0302075 0.0971609 0.0528019
0.9993 9.994E-005 9.994E-005 9.994E-005 9.994E-005 9.994E-005 9.994E-005 9.994E-005
0.9993 9.994E-005 9.994E-005 9.994E-005 9.994E-005 9.994E-005 9.994E-005 9.994E-005
9.9964E-005 9.9964E-005 0.142214 9.9964E-005 9.9964E-005 0.0458211 0.00672144 0.804844
0.0115035 9.9973E-005 0.18318 9.9973E-005 0.0207221 0.0574078 9.9973E-005 0.726887
0.00351227 9.9973E-005 0.14295 9.9973E-005 9.9973E-005 0.0495174 0.0401084 0.763612
0.00779537 0.102067 0.179599 0.0796928 9.9982E-005 0.00305107 9.9982E-005 0.627595
0.0295846 0.14085 0.0300104 0.0187551 0.108369 0.0204845 0.0306245 0.621322
9.9973E-005 9.9973E-005 0.38309 0.0289714 0.0366448 9.9973E-005 0.0102014 0.540792
9.994E-005 9.994E-005 9.994E-005 9.994E-005 0.9993 9.994E-005 9.994E-005 9.994E-005
0.00680844 0.0336385 0.0235733 9.99729E-005 0.839317 9.99729E-005 9.99729E-005 0.0963632
9.99459E-005 9.99459E-005 9.99459E-005 9.99459E-005 0.994366 9.99459E-005 9.99459E-005 0.00503419
0.026261 9.9964E-005 9.9964E-005 9.9964E-005 0.826459 9.9964E-005 0.0418366 0.105044
9.9955E-005 9.9955E-005 0.904773 0.0422595 0.0524675 9.9955E-005 9.9955E-005 9.9955E-005
9.99549E-005 0.0147 9.99549E-005 9.99549E-005 0.96935 9.99549E-005 0.0154499 9.99549E-005
9.9946E-005 9.9946E-005 9.9946E-005 0.0302351 0.969165 9.9946E-005 9.9946E-005 9.9946E-005
9.9955E-005 9.9955E-005 9.9955E-005 0.0142644 0.937839 0.0473964 9.9955E-005 9.9955E-005
9.9955E-005 9.9955E-005 9.9955E-005 9.9955E-005 0.871883 0.038135 9.9955E-005 0.0894827
9.99461E-005 9.99461E-005 0.0543563 9.99461E-005 0.945044 9.99461E-005 9.99461E-005 9.99461E-005
9.99639E-005 9.99639E-005 0.441862 0.0206304 0.501497 9.99639E-005 0.0356104 9.99639E-005
9.99549E-005 9.99549E-005 0.131398 0.0757198 9.99549E-005 9.99549E-005 0.792382 9.99549E-005
9.9946E-005 9.9946E-005 9.9946E-005 9.9946E-005 0.0190806 9.9946E-005 0.98032 9.9946E-005
9.9955E-005 9.9955E-005 9.9955E-005 0.0617919 9.9955E-005 9.9955E-005 0.84461 0.093098
9.999E-005 0.043729 0.0141262 0.196047 0.0181742 0.0376441 0.558046 0.132134
0.0120414 0.00869142 0.247953 0.0228767 9.9982E-005 0.0785693 0.629669 9.9982E-005
9.994E-005 9.994E-005 9.994E-005 0.9993 9.994E-005 9.994E-005 9.994E-005 9.994E-005
9.9955E-005 9.9955E-005 9.9955E-005 9.9955E-005 0.00178448 0.00438978 0.993326 9.9955E-005
9.994E-005 9.994E-005 9.994E-005 0.9993 9.994E-005 9.994E-005 9.994E-005 9.994E-005
0.0195741 9.99729E-005 0.294898 0.045316 9.99729E-005 9.99729E-005 0.617556 0.0223556
9.9964E-005 9.9964E-005 0.293572 0.347851 9.9964E-005 0.086442 0.271735 9.9964E-005
9.99461E-005 9.99461E-005 9.99461E-005 0.053683 9.99461E-005 9.99461E-005 0.945717 9.99461E-005
0.0140961 0.0469045 0.307709 0.016074 0.145907 0.252323 0.0159406 0.201046
0.017253 9.9955E-005 9.9955E-005 0.00474795 9.9955E-005 0.977499 9.9955E-005 9.9955E-005
9.994E-005 0.9993 9.994E-005 9.994E-005 9.994E-005 9.994E-005 9.994E-005 9.994E-005
9.994E-005 9.994E-005 9.994E-005 9.994E-005 9.994E-005 0.9993 9.994E-005 9.994E-005
9.9955E-005 0.98159 0.000325945 9.9955E-005 9.9955E-005 9.9955E-005 9.9955E-005 0.0175847
9.994E-005 0.9993 9.994E-005 9.994E-005 9.994E-005 9.994E-005 9.994E-005 9.994E-005
9.994E-005 0.9993 9.994E-005 9.994E-005 9.994E-005 9.994E-005 9.994E-005 9.994E-005
0.00444915 0.467218 0.110349 0.0226458 0.032383 0.362755 9.9982E-005 9.9982E-005
9.994E-005 9.994E-005 9.994E-005 9.994E-005 9.994E-005 0.9993 9.994E-005 9.994E-005
9.994E-005 9.994E-005 9.994E-005 9.994E-005 9.994E-005 9.994E-005 9.994E-005 0.9993
0.0150469 0.0245201 9.9982E-005 0.0229012 0.0533823 9.9982E-005 0.0698422 0.814107
0.00883609 0.0172055 9.9964E-005 0.0196356 9.9964E-005 9.9964E-005 9.9964E-005 0.953923
9.994E-005 9.994E-005 9.994E-005 9.994E-005 9.994E-005 9.994E-005 9.994E-005 0.9993
9.994E-005 9.994E-005 9.994E-005 9.994E-005 9.994E-005 9.994E-005 9.994E-005 0.9993
0.0146369 9.9946E-005 9.9946E-005 9.9946E-005 9.9946E-005 9.9946E-005 9.9946E-005 0.984763
0.0165216 0.0366146 9.9973E-005 0.0118388 0.0165105 9.9973E-005 9.9973E-005 0.918215
9.9946E-005 0.00188104 9.9946E-005 9.9946E-005 9.9946E-005 9.9946E-005 9.9946E-005 0.997519
9.99459E-005 0.0296528 9.99459E-005 9.99459E-005 9.99459E-005 9.99459E-005 9.99459E-005 0.969748
9.994E-005 9.994E-005 9.994E-005 9.994E-005 9.994E-005 9.994E-005 9.994E-005 0.9993
9.9964E-005 0.00898017 9.9964E-005 9.9964E-005 0.00971706 9.9964E-005 0.0057574 0.975146
