0.9998 9.999E-005 9.999E-005
0.994877 0.00502284 9.9991E-005
0.756952 0.0177238 0.225324
0.88372 0.0152669 0.101013
0.906514 0.0190851 0.0744014
0.999161 0.000739427 9.9991E-005
0.9998 9.999E-005 9.999E-005
0.821957 9.9991E-005 0.177943
0.864951 0.0195526 0.115496
0.839494 0.00913339 0.151372
0.957689 0.017505 0.0248064
0.00438469 0.985077 0.010538
9.999E-005 0.9998 9.999E-005
0.023259 0.935291 0.0414504
0.0237853 0.958926 0.0172884
9.999E-005 0.9998 9.999E-005
0.172104 0.723414 0.104482
9.999E-005 0.9998 9.999E-005
9.999E-005 0.9998 9.999E-005
0.159381 9.9991E-005 0.840519
0.204871 0.0114321 0.783697
0.186869 0.0162057 0.796925
0.281803 0.00602769 0.712169
0.201597 0.0218075 0.776596
0.443846 0.00567245 0.550481
0.645792 9.9991E-005 0.354108
0.583121 9.9991E-005 0.416779
0.630558 9.9991E-005 0.369342
0.585726 0.0116869 0.402587
0.9998 9.999E-005 9.999E-005
0.649145 9.9991E-005 0.350755
0.696736 9.9991E-005 0.303164
0.651741 9.9991E-005 0.348159
0.566 9.9991E-005 0.4339
0.678211 9.9991E-005 0.321689
0.926323 9.9991E-005 0.0735774
0.955442 0.0340542 0.0105042
0.852223 0.0275378 0.120239
0.755175 0.0323904 0.212434
0.734767 0.0107039 0.254529
0.878414 0.0336643 0.0879216
0.853665 0.00724227 0.139093
0.880113 0.022136 0.0977506
0.891941 9.9991E-005 0.107959
0.886453 0.0500506 0.0634965
0.927715 0.00423181 0.0680527
0.893737 0.0250448 0.0812185
0.59431 0.00915347 0.396537
0.519162 0.0169465 0.463892
0.545842 0.00789799 0.44626
0.538055 9.9991E-005 0.461845
0.527277 0.00408234 0.46864
0.526148 9.9991E-005 0.473752
0.546995 9.9991E-005 0.452905
0.645955 0.00346479 0.35058
0.548061 9.9991E-005 0.451839
9.999E-005 9.999E-005 0.9998
0.100808 0.0122378 0.886954
9.9991E-005 0.0137868 0.986113
9.999E-005 9.999E-005 0.9998
9.999E-005 9.999E-005 0.9998
9.9991E-005 0.00690698 0.992993
9.9991E-005 0.0190557 0.980844
9.999E-005 9.999E-005 0.9998
9.999E-005 9.999E-005 0.9998
9.999E-005 9.999E-005 0.9998
9.999E-005 9.999E-005 0.9998
