9.999E-005 0.9998 9.999E-005
9.999E-005 0.9998 9.999E-005
0.223292 0.757056 0.0196517
0.104872 0.873639 0.0214888
0.0777821 0.907697 0.0145209
0.000655298 0.997496 0.00184912
9.999E-005 0.9998 9.999E-005
0.164028 0.835872 9.9991E-005
0.111308 0.868566 0.0201257
0.139824 0.852771 0.00740548
0.02962 0.953965 0.0164152
0.00414257 0.0177265 0.978131
9.999E-005 9.999E-005 0.9998
0.0413799 0.030108 0.928512
0.00699486 0.023965 0.96904
9.999E-005 9.999E-005 0.9998
0.121252 0.159809 0.718938
9.999E-005 9.999E-005 0.9998
9.999E-005 9.999E-005 0.9998
0.8515 0.1484 9.9991E-005
0.772408 0.209564 0.0180277
0.795211 0.188771 0.0160178
0.704603 0.286813 0.0085836
0.756655 0.213184 0.0301608
0.559962 0.439938 9.9991E-005
0.353804 0.646096 9.9991E-005
0.403841 0.596059 9.9991E-005
0.365498 0.634402 9.9991E-005
0.402578 0.582758 0.0146637
9.999E-005 0.9998 9.999E-005
0.345309 0.654591 9.9991E-005
0.313975 0.685925 9.9991E-005
0.345439 0.654461 9.9991E-005
0.453819 0.546081 9.9991E-005
0.321242 0.678658 9.9991E-005
0.088814 0.911086 9.9991E-005
9.9991E-005 0.959217 0.0406827
0.106604 0.862344 0.0310524
0.227272 0.741914 0.0308136
0.250167 0.733515 0.0163177
0.0753692 0.88962 0.0350113
0.13089 0.864573 0.00453611
0.0998662 0.876136 0.0239978
0.107923 0.887039 0.00503843
0.061047 0.899169 0.0397838
0.0744859 0.920755 0.00475915
0.0964659 0.871522 0.0320119
0.382242 0.607749 0.0100097
0.444448 0.536835 0.0187175
0.445281 0.553804 0.00091474
0.46548 0.53442 9.9991E-005
0.462043 0.533506 0.00445154
0.460457 0.539443 9.9991E-005
0.456882 0.543018 9.9991E-005
0.328172 0.664581 0.00724715
0.454224 0.545676 9.9991E-005
0.9998 9.999E-005 9.999E-005
0.893568 0.0916029 0.0148291
0.98663 9.9991E-005 0.0132698
0.9998 9.999E-005 9.999E-005
0.9998 9.999E-005 9.999E-005
0.993365 9.9991E-005 0.00653536
0.984827 9.9991E-005 0.0150733
0.9998 9.999E-005 9.999E-005
0.9998 9.999E-005 9.999E-005
0.9998 9.999E-005 9.999E-005
0.9998 9.999E-005 9.999E-005
