9.9982E-005 0.13886 0.86094 9.9982E-005
9.9982E-005 0.156432 0.843368 9.9982E-005
0.0174836 0.0784727 0.697104 0.206939
0.020485 0.0382082 0.831326 0.109981
0.0133945 0.076283 0.836389 0.0739333
0.00513223 0.0674386 0.927329 9.9991E-005
9.9982E-005 0.136848 0.862952 9.9982E-005
9.999E-005 0.106833 0.745058 0.148009
0.0234412 0.105593 0.786727 0.0842396
0.00531256 0.205078 0.700792 0.0888174
0.0127235 0.180529 0.806648 9.9991E-005
0.983952 0.00672583 0.00602377 0.00329834
0.9997 9.998E-005 9.998E-005 9.998E-005
0.926646 0.0315794 0.0135139 0.0282608
0.963911 9.9991E-005 0.0288059 0.00718267
0.9997 9.998E-005 9.998E-005 9.998E-005
0.727132 0.0294654 0.125883 0.11752
0.9997 9.998E-005 9.998E-005 9.998E-005
0.9997 9.998E-005 9.998E-005 9.998E-005
9.9982E-005 9.9982E-005 0.161784 0.838016
0.0174799 9.9991E-005 0.208106 0.774314
0.00595466 9.9991E-005 0.19402 0.799925
0.0136961 0.144432 0.210781 0.63109
0.0280314 0.200136 0.0980768 0.673755
9.9991E-005 0.0593217 0.413096 0.527483
9.9991E-005 0.0554389 0.586116 0.358345
9.9991E-005 0.0890803 0.521744 0.389076
9.9991E-005 0.031713 0.5954 0.372787
0.0191372 0.0148016 0.555683 0.410378
9.9982E-005 0.035294 0.964506 9.9982E-005
9.9991E-005 0.06948 0.590337 0.340083
9.9991E-005 0.0390776 0.654866 0.305957
9.9991E-005 0.086574 0.585488 0.327838
9.9991E-005 0.0944858 0.485507 0.419907
9.9991E-005 0.0444642 0.632241 0.323195
9.9991E-005 0.0762979 0.843403 0.0801991
0.0218587 9.9991E-005 0.95411 0.0239314
0.0173794 9.9991E-005 0.86278 0.119741
0.0180298 9.9991E-005 0.749574 0.232296
0.0139627 0.00674964 0.724454 0.254833
0.0372456 0.0941906 0.803685 0.0648789
0.000462372 9.9991E-005 0.841404 0.158034
0.0224468 9.9991E-005 0.874602 0.102851
9.9982E-005 9.9982E-005 0.863028 0.136772
0.0246404 9.9991E-005 0.886216 0.0890437
0.00449006 0.0300399 0.895237 0.0702325
0.027176 9.9991E-005 0.8783 0.0944242
0.0158517 0.249661 0.442984 0.291503
0.0251785 0.627834 0.172083 0.174904
9.998E-005 0.9997 9.998E-005 9.998E-005
9.9991E-005 0.67974 0.137721 0.182439
9.998E-005 0.9997 9.998E-005 9.998E-005
9.998E-005 0.9997 9.998E-005 9.998E-005
9.998E-005 0.9997 9.998E-005 9.998E-005
0.0104857 0.827815 0.161599 9.9991E-005
9.9991E-005 0.701342 0.147427 0.151132
9.998E-005 9.998E-005 9.998E-005 0.9997
0.0187449 0.0247653 0.0822293 0.874261
0.0181404 9.9982E-005 9.9982E-005 0.98166
9.998E-005 9.998E-005 9.998E-005 0.9997
9.998E-005 9.998E-005 9.998E-005 0.9997
0.0122898 9.9982E-005 9.9982E-005 0.98751
0.0144614 0.0306792 9.9991E-005 0.954759
9.998E-005 9.998E-005 9.998E-005 0.9997
9.9982E-005 0.0146078 9.9982E-005 0.985192
9.998E-005 9.998E-005 9.998E-005 0.9997
9.998E-005 9.998E-005 9.998E-005 0.9997
