9.999E-005 9.999E-005 0.9998
9.999E-005 0.00118254 0.998717
0.239723 0.0167526 0.743524
0.108511 0.0187548 0.872734
0.0774102 0.0144399 0.90815
9.999E-005 0.000684012 0.999216
9.999E-005 9.999E-005 0.9998
0.18194 9.9991E-005 0.81796
0.111268 0.0239377 0.864794
0.145732 0.00433461 0.849933
0.0229487 0.0177573 0.959294
9.9991E-005 0.980787 0.0191131
9.999E-005 0.9998 9.999E-005
0.0514094 0.926101 0.0224896
0.0151317 0.966653 0.0182155
9.999E-005 0.9998 9.999E-005
0.122284 0.722954 0.154762
9.999E-005 0.9998 9.999E-005
9.999E-005 0.9998 9.999E-005
0.844758 9.9991E-005 0.155142
0.773916 0.0157006 0.210383
0.791383 0.0131381 0.195479
0.710142 0.00986454 0.279993
0.764546 0.0193137 0.21614
0.558726 0.0017187 0.439556
0.351295 9.9991E-005 0.648605
0.409567 9.9991E-005 0.590333
0.36163 9.9991E-005 0.63827
0.411008 0.0178216 0.57117
9.999E-005 9.999E-005 0.9998
0.352635 9.9991E-005 0.647265
0.317296 9.9991E-005 0.682604
0.362329 9.9991E-005 0.637571
0.446525 9.9991E-005 0.553375
0.332725 9.9991E-005 0.667175
0.0870639 0.000783294 0.912153
0.00522477 0.0345175 0.960258
0.125375 0.0243561 0.850268
0.227043 0.0329032 0.740053
0.260277 0.0115395 0.728183
0.0952331 0.0425467 0.86222
0.139193 0.00751694 0.853291
0.113565 0.0222475 0.864187
0.113009 0.00751039 0.879481
0.0779742 0.0457814 0.876244
0.075145 0.00522744 0.919628
0.0944747 0.0231119 0.882413
0.382678 0.00294884 0.614374
0.44213 0.0147757 0.543094
0.458626 0.00230017 0.539074
0.470542 9.9991E-005 0.529358
0.481817 0.00261564 0.515567
0.463388 9.9991E-005 0.536512
0.453153 9.9991E-005 0.546747
0.341559 0.00657412 0.651867
0.455753 9.9991E-005 0.544147
0.9998 9.999E-005 9.999E-005
0.900446 0.0141484 0.0854058
0.985497 0.014403 9.9991E-005
0.9998 9.999E-005 9.999E-005
0.9998 9.999E-005 9.999E-005
0.990354 0.00954566 9.9991E-005
0.974113 0.0199726 0.00591396
0.9998 9.999E-005 9.999E-005
0.9998 9.999E-005 9.999E-005
0.9998 9.999E-005 9.999E-005
0.9998 9.999E-005 9.999E-005
