0.853741 0.146059 9.9982E-005 9.9982E-005
0.86212 0.13768 9.9982E-005 9.9982E-005
0.714611 0.0521833 0.01546 0.217746
0.862512 0.0313319 0.0111894 0.0949669
0.855328 0.0698413 0.00944321 0.0653877
0.883222 0.116578 9.9982E-005 9.9982E-005
0.864147 0.135653 9.9982E-005 9.9982E-005
0.727132 0.155825 9.9991E-005 0.116943
0.747648 0.151273 0.0164493 0.0846298
0.776635 0.0974973 0.00110259 0.124765
0.893931 0.0919906 0.0131195 0.00095859
0.0162048 0.00430988 0.976815 0.00267029
9.998E-005 9.998E-005 0.9997 9.998E-005
0.0117669 0.0428 0.923095 0.0223378
0.029189 9.9991E-005 0.961281 0.00943041
9.998E-005 9.998E-005 0.9997 9.998E-005
0.107538 0.0626843 0.720409 0.109369
9.998E-005 9.998E-005 0.9997 9.998E-005
9.998E-005 9.998E-005 0.9997 9.998E-005
0.150989 0.0324143 9.9991E-005 0.816497
0.167674 0.0674667 0.0159525 0.748907
0.186218 0.0229228 0.00451925 0.786339
0.264201 0.0478295 0.000237118 0.687732
0.125377 0.129009 0.0217405 0.723873
0.376661 0.0855047 9.9991E-005 0.537734
9.998E-005 0.9997 9.998E-005 9.998E-005
0.00650927 0.856328 0.00831936 0.128844
9.9982E-005 0.99139 9.9982E-005 0.00841053
9.9991E-005 0.865654 0.0256812 0.108565
0.863906 0.135894 9.9982E-005 9.9982E-005
9.9982E-005 0.98734 9.9982E-005 0.0124602
9.9982E-005 0.997486 0.00231413 9.9982E-005
9.9991E-005 0.964487 0.000594047 0.0348195
9.9982E-005 0.87989 9.9982E-005 0.11991
9.9991E-005 0.993759 0.00322422 0.00291689
0.446986 0.552814 9.9982E-005 9.9982E-005
0.98078 9.9991E-005 0.010896 0.00822424
0.853344 0.0130601 0.0169396 0.116656
0.781537 9.9991E-005 0.0104605 0.207903
0.739091 9.9991E-005 0.00499438 0.255815
0.909426 9.9991E-005 0.0175961 0.0728783
0.849207 9.9982E-005 9.9982E-005 0.150593
0.885557 9.9991E-005 0.0118633 0.10248
0.895236 9.9982E-005 9.9982E-005 0.104564
0.886252 9.9991E-005 0.0328617 0.0807859
0.934078 9.9982E-005 9.9982E-005 0.0657219
0.888622 9.9991E-005 0.0131138 0.0981638
0.442939 0.234181 0.00512612 0.317755
0.438008 0.143581 0.019868 0.398543
0.45586 0.13484 0.00285765 0.406442
0.426346 0.145531 9.9991E-005 0.428023
0.444857 0.124862 9.9991E-005 0.430181
0.441788 0.124203 9.9991E-005 0.43391
0.458677 0.133856 9.9991E-005 0.407367
0.518316 0.186712 0.00618948 0.288782
0.439914 0.139322 9.9991E-005 0.420664
9.998E-005 9.998E-005 9.998E-005 0.9997
0.0777552 0.041428 0.0156265 0.86519
9.9982E-005 9.9982E-005 0.00854151 0.991259
9.998E-005 9.998E-005 9.998E-005 0.9997
9.998E-005 9.998E-005 9.998E-005 0.9997
9.9982E-005 9.9982E-005 0.0064099 0.99339
9.9991E-005 0.0323075 0.0149086 0.952684
9.998E-005 9.998E-005 9.998E-005 0.9997
9.998E-005 9.998E-005 9.998E-005 0.9997
9.998E-005 9.998E-005 9.998E-005 0.9997
9.9982E-005 0.00523309 9.9982E-005 0.994567
