9.9973E-005 9.9973E-005 0.00694179 9.9973E-005 0.0397277 0.953031
9.9973E-005 9.9973E-005 0.0638396 9.9973E-005 0.0573716 0.878489
0.219561 0.150049 9.9982E-005 0.0110767 9.9982E-005 0.619113
0.118659 9.9973E-005 9.9973E-005 0.00184521 9.9973E-005 0.879196
0.086354 9.9973E-005 9.9973E-005 0.00635725 9.9973E-005 0.906989
9.999E-005 0.140651 0.0176186 0.000674171 0.0270024 0.813954
0.00787208 9.9973E-005 0.0199893 9.9973E-005 9.9973E-005 0.971839
0.118691 0.147025 0.0658406 9.9991E-005 0.0842362 0.584107
0.120246 9.99819E-005 9.99819E-005 0.0219104 0.0494595 0.808184
0.143553 9.9982E-005 0.0584188 0.00311211 9.9982E-005 0.794716
0.0184551 0.0668471 0.0875334 0.0159408 9.9991E-005 0.811124
9.9973E-005 0.0139014 9.9973E-005 0.980235 0.00556371 9.9973E-005
9.996E-005 9.996E-005 9.996E-005 0.9995 9.996E-005 9.996E-005
0.0071751 0.0124897 0.0307997 0.925851 0.0235849 9.9991E-005
0.0169673 9.99774E-005 9.99774E-005 0.963173 9.99774E-005 0.0195596
9.996E-005 9.996E-005 9.996E-005 0.9995 9.996E-005 9.996E-005
0.0747909 0.0787426 0.0336997 0.724388 0.0611614 0.0272177
9.996E-005 9.996E-005 9.996E-005 0.9995 9.996E-005 9.996E-005
9.996E-005 9.996E-005 9.996E-005 0.9995 9.996E-005 9.996E-005
0.820304 9.9964E-005 9.9964E-005 9.9964E-005 9.9964E-005 0.179296
0.748071 9.9982E-005 9.9982E-005 0.0109868 0.0254342 0.215308
0.779546 0.00924962 9.9982E-005 0.00708404 9.9982E-005 0.203921
0.644454 0.0370294 0.0985903 0.00551447 9.9991E-005 0.214312
0.639519 0.0269706 0.161724 0.0280753 0.117727 0.0259844
0.542878 0.0295509 9.9982E-005 9.9982E-005 0.039404 0.387967
9.996E-005 9.996E-005 9.996E-005 9.996E-005 0.9995 9.996E-005
0.10748 9.9982E-005 0.0208525 9.9982E-005 0.847229 0.0242383
9.996E-005 9.996E-005 9.996E-005 9.996E-005 0.9995 9.996E-005
0.087527 0.0467368 9.9982E-005 0.033364 0.832172 9.9982E-005
9.9973E-005 0.0118959 9.9973E-005 9.9973E-005 0.04313 0.944674
0.00253796 0.0179097 0.00828577 0.00580995 0.965357 9.9991E-005
9.9973E-005 0.00116225 9.9973E-005 0.00260422 0.995934 9.9973E-005
9.9973E-005 0.0370574 0.0244709 9.9973E-005 0.938172 9.9973E-005
0.0941414 9.9973E-005 0.0169669 9.9973E-005 0.888592 9.9973E-005
9.9964E-005 9.9964E-005 9.9964E-005 9.9964E-005 0.943123 0.0564776
9.9973E-005 0.0575745 9.9973E-005 9.9973E-005 0.510152 0.431974
9.9973E-005 0.83223 9.9973E-005 0.00252144 9.9973E-005 0.164949
9.9964E-005 0.939499 9.9964E-005 9.9964E-005 0.0601011 9.9964E-005
0.0981799 0.90142 9.9964E-005 9.9964E-005 9.9964E-005 9.9964E-005
0.118606 0.77209 0.0715344 9.9982E-005 9.9982E-005 0.0375695
9.9982E-005 0.692036 0.0888943 0.0128948 9.9982E-005 0.205975
0.0586292 0.757202 0.00672733 9.9991E-005 0.00650817 0.170834
9.9964E-005 0.961325 9.9964E-005 9.9964E-005 0.0382749 9.9964E-005
0.0327836 0.801083 9.9973E-005 9.9973E-005 9.9973E-005 0.165833
0.0108232 0.674588 9.9982E-005 0.0231296 9.9982E-005 0.291259
0.00398398 0.576603 0.0296283 9.9991E-005 0.00198422 0.387701
9.9964E-005 0.998311 9.9964E-005 9.9964E-005 0.00128949 9.9964E-005
0.263226 0.0505127 0.17 0.00906956 0.154556 0.352636
0.191992 0.0290535 0.522102 0.026515 0.0368513 0.193487
9.996E-005 9.996E-005 0.9995 9.996E-005 9.996E-005 9.996E-005
0.179211 9.9991E-005 0.603579 0.00202024 0.0243953 0.190694
9.996E-005 9.996E-005 0.9995 9.996E-005 9.996E-005 9.996E-005
9.996E-005 9.996E-005 0.9995 9.996E-005 9.996E-005 9.996E-005
9.996E-005 9.996E-005 0.9995 9.996E-005 9.996E-005 9.996E-005
9.9982E-005 9.9982E-005 0.793956 0.00976342 0.0412991 0.154782
0.171824 0.0104926 0.622779 9.9991E-005 0.0408207 0.153985
0.998656 9.9964E-005 9.9964E-005 0.000944591 9.9964E-005 9.9964E-005
0.817344 0.0987114 0.0350692 0.0142355 0.03454 9.9991E-005
0.961551 9.9973E-005 0.0248993 0.0132496 9.9973E-005 9.9973E-005
0.9995 9.996E-005 9.996E-005 9.996E-005 9.996E-005 9.996E-005
0.9995 9.996E-005 9.996E-005 9.996E-005 9.996E-005 9.996E-005
0.984102 9.9964E-005 9.9964E-005 0.0154978 9.9964E-005 9.9964E-005
0.9165 0.0199347 0.0292395 0.0119704 0.022255 9.9991E-005
0.9995 9.996E-005 9.996E-005 9.996E-005 9.996E-005 9.996E-005
0.960774 9.99639E-005 0.038826 9.99639E-005 9.99639E-005 9.99639E-005
0.9995 9.996E-005 9.996E-005 9.996E-005 9.996E-005 9.996E-005
0.984677 0.0149234 9.9964E-005 9.9964E-005 9.9964E-005 9.9964E-005
