9.9955E-005 0.926771 9.9955E-005 0.0727292 9.9955E-005 9.9955E-005 9.9955E-005
0.000792412 0.883857 0.029078 0.0558086 9.9982E-005 0.030264 9.9982E-005
0.0186235 0.5525 9.9982E-005 0.107386 0.141431 9.9982E-005 0.179859
0.00490025 0.883743 9.9964E-005 9.9964E-005 9.9964E-005 9.9964E-005 0.110957
0.00488189 0.9008 9.99639E-005 9.99639E-005 9.99639E-005 9.99639E-005 0.0939186
9.9982E-005 0.80309 0.0231982 9.9982E-005 0.139109 0.0291034 0.00529962
9.9955E-005 0.911941 9.9955E-005 0.0875594 9.9955E-005 9.9955E-005 9.9955E-005
9.999E-005 0.557796 0.0485805 0.00218532 0.192208 0.074355 0.124775
0.0190675 0.763995 0.0318117 9.9991E-005 0.0164504 0.0390887 0.129487
9.9964E-005 0.789686 9.9964E-005 0.0836436 9.9964E-005 9.9964E-005 0.126271
0.0214289 0.802784 0.0795173 0.00712819 0.0824256 9.9991E-005 0.00661597
0.963939 9.99551E-005 9.99551E-005 0.0355616 9.99551E-005 9.99551E-005 9.99551E-005
0.9994 9.995E-005 9.995E-005 9.995E-005 9.995E-005 9.995E-005 9.995E-005
0.923139 9.9991E-005 0.0285521 0.00462585 0.00660912 0.0283158 0.00865858
0.966053 0.00211739 0.00911407 0.00495775 0.00810229 9.9991E-005 0.00955542
0.9994 9.995E-005 9.995E-005 9.995E-005 9.995E-005 9.995E-005 9.995E-005
0.724537 0.0164828 0.025438 0.0132816 0.102088 0.0561894 0.0619833
0.9994 9.995E-005 9.995E-005 9.995E-005 9.995E-005 9.995E-005 9.995E-005
0.9994 9.995E-005 9.995E-005 9.995E-005 9.995E-005 9.995E-005 9.995E-005
9.9964E-005 0.147587 9.9964E-005 0.0696083 9.9964E-005 9.9964E-005 0.782405
0.00857176 0.169304 9.9982E-005 0.0619407 9.9982E-005 0.0336749 0.726308
0.00441027 0.1525 9.9982E-005 0.0453493 0.0338245 9.9982E-005 0.763716
0.00372974 0.186844 0.115341 0.00673991 0.0392088 0.0126614 0.635476
0.0211374 9.9991E-005 0.148502 0.0586536 0.0457045 0.112151 0.613751
9.9982E-005 0.373912 0.0172653 9.9982E-005 0.0414151 0.0528217 0.514386
9.995E-005 9.995E-005 9.995E-005 9.995E-005 9.995E-005 0.9994 9.995E-005
0.00280387 0.0360974 0.0357377 9.9982E-005 9.9982E-005 0.820823 0.104338
9.99549E-005 9.99549E-005 9.99549E-005 9.99549E-005 9.99549E-005 0.988573 0.0109272
0.026077 9.9973E-005 9.9973E-005 9.9973E-005 0.0403527 0.843936 0.0893345
9.9964E-005 0.919723 9.9964E-005 9.9964E-005 0.0240007 0.0558764 9.9964E-005
0.00917012 9.9964E-005 9.9964E-005 9.9964E-005 0.0102558 0.980174 9.9964E-005
9.995E-005 9.995E-005 9.995E-005 9.995E-005 9.995E-005 0.9994 9.995E-005
9.9964E-005 9.9964E-005 9.9964E-005 0.051529 0.00644682 0.941624 9.9964E-005
9.9964E-005 9.9964E-005 9.9964E-005 0.0375814 9.9964E-005 0.86581 0.0962085
9.9955E-005 0.0624842 9.9955E-005 9.9955E-005 9.9955E-005 0.937016 9.9955E-005
9.99639E-005 0.418182 9.99639E-005 9.99639E-005 0.0565243 0.524893 9.99639E-005
9.99549E-005 0.129557 9.99549E-005 9.99549E-005 0.869943 9.99549E-005 9.99549E-005
9.9955E-005 9.9955E-005 9.9955E-005 9.9955E-005 0.927193 0.0723069 9.9955E-005
9.9955E-005 9.9955E-005 9.9955E-005 9.9955E-005 0.91574 9.9955E-005 0.0837599
9.999E-005 0.0319323 0.042249 0.0363492 0.761569 0.00484772 0.122953
0.0136558 0.201919 9.9973E-005 0.121504 0.662621 9.9973E-005 9.9973E-005
9.9982E-005 0.207829 9.9982E-005 0.0108768 0.708139 0.0027783 0.0701773
9.9964E-005 9.9964E-005 9.9964E-005 0.0186628 0.946635 0.0343027 9.9964E-005
9.9964E-005 0.199861 9.9964E-005 9.9964E-005 0.763766 9.9964E-005 0.0359731
0.0253683 0.28114 9.99729E-005 9.99729E-005 0.681746 9.99729E-005 0.0114458
9.9973E-005 0.344043 9.9973E-005 0.087434 0.560892 0.00733171 9.9973E-005
9.995E-005 9.995E-005 9.995E-005 9.995E-005 0.9994 9.995E-005 9.995E-005
0.00956187 0.309093 0.0444086 0.23972 0.0455598 0.129071 0.222586
0.0207814 9.9964E-005 9.9964E-005 0.976066 9.9964E-005 9.9964E-005 0.00275278
9.995E-005 9.995E-005 0.9994 9.995E-005 9.995E-005 9.995E-005 9.995E-005
9.995E-005 9.995E-005 9.995E-005 0.9994 9.995E-005 9.995E-005 9.995E-005
0.00247922 9.9964E-005 0.976095 9.9964E-005 9.9964E-005 9.9964E-005 0.0210263
9.995E-005 9.995E-005 0.9994 9.995E-005 9.995E-005 9.995E-005 9.995E-005
9.995E-005 9.995E-005 0.9994 9.995E-005 9.995E-005 9.995E-005 9.995E-005
0.00224109 0.129841 0.467931 0.380643 0.00335072 0.015893 9.9991E-005
9.995E-005 9.995E-005 9.995E-005 0.9994 9.995E-005 9.995E-005 9.995E-005
9.995E-005 9.995E-005 9.995E-005 9.995E-005 9.995E-005 9.995E-005 0.9994
0.014683 9.9982E-005 0.0317129 9.9982E-005 0.0840496 0.056925 0.812429
0.0132645 9.9982E-005 0.0206418 0.000407165 9.9982E-005 0.00249764 0.962989
9.995E-005 9.995E-005 9.995E-005 9.995E-005 9.995E-005 9.995E-005 0.9994
9.995E-005 9.995E-005 9.995E-005 9.995E-005 9.995E-005 9.995E-005 0.9994
0.00982557 9.9955E-005 9.9955E-005 9.9955E-005 9.9955E-005 9.9955E-005 0.989675
0.0110441 9.9982E-005 0.0284601 9.9982E-005 0.00299526 0.0352685 0.922032
9.9955E-005 9.9955E-005 9.9955E-005 0.00554734 9.9955E-005 9.9955E-005 0.993953
9.99549E-005 9.99549E-005 0.0277844 9.99549E-005 9.99549E-005 9.99549E-005 0.971716
9.995E-005 9.995E-005 9.995E-005 9.995E-005 9.995E-005 9.995E-005 0.9994
9.9964E-005 9.9964E-005 0.0142456 9.9964E-005 0.00673701 9.9964E-005 0.978618
