0.0256795 0.957893 0.0161276 9.9973E-005 9.9973E-005 9.9973E-005
0.0398366 0.881623 0.078241 9.9973E-005 9.9973E-005 9.9973E-005
9.999E-005 0.598098 0.00876323 0.145712 0.234135 0.0131914
9.9973E-005 0.87989 9.9973E-005 9.9973E-005 0.113336 0.00647373
9.9973E-005 0.905142 9.9973E-005 9.9973E-005 0.0907124 0.00384582
0.0131118 0.848133 0.00403938 0.134515 9.9982E-005 9.9982E-005
0.0130177 0.969785 0.016897 9.9973E-005 9.9973E-005 9.9973E-005
0.0871096 0.599692 0.0281955 0.15273 0.132173 9.9991E-005
0.0682036 0.781739 0.0038139 0.00803911 0.116458 0.021746
9.9982E-005 0.801055 0.0572411 9.9982E-005 0.137616 0.00388852
9.999E-005 0.828168 0.0890838 0.0643777 0.00288801 0.0153829
0.00668948 0.00165513 0.00127358 0.0219638 9.9991E-005 0.968318
9.996E-005 9.996E-005 9.996E-005 9.996E-005 9.996E-005 0.9995
0.034628 9.9991E-005 0.0155059 0.0073118 0.00871545 0.933739
9.9982E-005 0.0153984 0.0024535 9.9982E-005 0.0116073 0.970341
9.996E-005 9.996E-005 9.996E-005 9.996E-005 9.996E-005 0.9995
0.0743924 0.016721 0.02375 0.0886406 0.0775936 0.718902
9.996E-005 9.996E-005 9.996E-005 9.996E-005 9.996E-005 0.9995
9.996E-005 9.996E-005 9.996E-005 9.996E-005 9.996E-005 0.9995
9.9964E-005 0.177137 9.9964E-005 9.9964E-005 0.822463 9.9964E-005
0.0340679 0.207254 9.9982E-005 9.9982E-005 0.745868 0.0126103
9.9982E-005 0.165968 9.9982E-005 0.0448497 0.781371 0.00761094
0.00723485 0.189782 0.1132 0.0502965 0.63319 0.00629655
0.113438 0.0202147 0.172931 0.0495881 0.618096 0.0257319
0.0249992 0.410429 9.9982E-005 0.0149361 0.549436 9.9982E-005
0.9995 9.996E-005 9.996E-005 9.996E-005 9.996E-005 9.996E-005
0.832549 0.0322196 0.0251065 9.9991E-005 0.104044 0.00598118
0.9995 9.996E-005 9.996E-005 9.996E-005 9.996E-005 9.996E-005
0.845855 9.9982E-005 9.9982E-005 0.0312071 0.0986304 0.0241076
0.0402791 0.948723 9.9973E-005 0.0106977 9.9973E-005 9.9973E-005
0.972366 9.9982E-005 0.00100207 0.0152577 9.9982E-005 0.0111738
0.9995 9.996E-005 9.996E-005 9.996E-005 9.996E-005 9.996E-005
0.946073 9.9973E-005 0.0155675 0.0380594 9.9973E-005 9.9973E-005
0.888131 9.9973E-005 0.0173511 9.9973E-005 0.0942181 9.9973E-005
0.956566 0.0430344 9.9964E-005 9.9964E-005 9.9964E-005 9.9964E-005
0.498474 0.432877 9.9973E-005 0.0683493 9.9973E-005 9.9973E-005
9.9964E-005 0.162594 9.9964E-005 0.837006 9.9964E-005 9.9964E-005
0.0608829 9.9973E-005 0.0101684 0.928649 9.9973E-005 9.9973E-005
9.9964E-005 9.9964E-005 9.9964E-005 0.917692 0.0819084 9.9964E-005
9.9982E-005 0.051503 0.0577214 0.767435 0.12314 9.9982E-005
9.9982E-005 0.225532 0.0902958 0.666727 9.9982E-005 0.017245
9.9982E-005 0.199712 0.0221944 0.71637 0.0615236 9.9982E-005
0.028165 9.9973E-005 0.00434568 0.967189 9.9973E-005 9.9973E-005
9.9973E-005 0.203699 9.9973E-005 0.763441 0.0325594 9.9973E-005
9.9982E-005 0.305593 9.9982E-005 0.647658 0.0312019 0.0153475
9.9973E-005 0.38175 0.0371789 0.580771 9.9973E-005 9.9973E-005
0.00284713 9.9964E-005 9.9964E-005 0.996753 9.9964E-005 9.9964E-005
0.127318 0.387264 0.172016 0.0345439 0.267675 0.0111836
0.0591139 0.157689 0.553641 0.0346819 0.17393 0.0209446
9.996E-005 9.996E-005 0.9995 9.996E-005 9.996E-005 9.996E-005
0.0331684 0.175995 0.615365 9.9982E-005 0.175272 9.9982E-005
9.996E-005 9.996E-005 0.9995 9.996E-005 9.996E-005 9.996E-005
9.996E-005 9.996E-005 0.9995 9.996E-005 9.996E-005 9.996E-005
9.996E-005 9.996E-005 0.9995 9.996E-005 9.996E-005 9.996E-005
0.0330387 0.163597 0.786258 0.00627152 9.9991E-005 0.0107339
0.030965 0.143766 0.627183 0.0243543 0.173631 9.9991E-005
9.996E-005 9.996E-005 9.996E-005 9.996E-005 0.9995 9.996E-005
0.0551576 9.9991E-005 0.0395871 0.0860054 0.808789 0.0103612
9.9973E-005 0.00342301 9.9973E-005 9.9973E-005 0.979779 0.0164985
9.996E-005 9.996E-005 9.996E-005 9.996E-005 0.9995 9.996E-005
9.996E-005 9.996E-005 9.996E-005 9.996E-005 0.9995 9.996E-005
9.9964E-005 9.9964E-005 9.9964E-005 9.9964E-005 0.9949 0.00469994
0.0195097 9.9982E-005 0.0451951 9.9982E-005 0.918217 0.0168786
9.996E-005 9.996E-005 9.996E-005 9.996E-005 0.9995 9.996E-005
9.99639E-005 9.99639E-005 0.0384194 9.99639E-005 0.961181 9.99639E-005
9.996E-005 9.996E-005 9.996E-005 9.996E-005 0.9995 9.996E-005
9.9964E-005 9.9964E-005 9.9964E-005 0.0117554 0.987845 9.9964E-005
