0.987153 0.012447 9.9964E-005 9.9964E-005 9.9964E-005 9.9964E-005
0.865451 0.0593423 9.9982E-005 0.0046638 9.9982E-005 0.0703434
0.605529 9.9991E-005 0.139166 0.0161331 0.224086 0.014985
0.877644 9.9973E-005 9.9973E-005 0.00702058 0.115036 9.9973E-005
0.897773 9.9973E-005 9.9973E-005 0.0110384 0.090889 9.9973E-005
0.815471 0.034431 0.145683 9.9991E-005 0.000364213 0.00395085
0.973173 0.0163673 9.9973E-005 9.9973E-005 9.9973E-005 0.0101599
0.605942 0.0761358 0.150296 9.9991E-005 0.128906 0.0386207
0.786599 0.0510237 0.00471439 0.0263398 0.130969 0.000354766
0.821039 9.9973E-005 9.9973E-005 9.9973E-005 0.14312 0.0355411
0.838756 9.9991E-005 0.0659058 0.0186927 0.0073957 0.0691499
0.00440131 0.0168709 0.0137378 0.96479 9.9982E-005 9.9982E-005
9.996E-005 9.996E-005 9.996E-005 0.9995 9.996E-005 9.996E-005
9.999E-005 0.0312598 0.0120056 0.919105 0.00772074 0.0298091
0.0116384 9.9982E-005 0.0107514 0.964794 0.0126158 9.9982E-005
9.996E-005 9.996E-005 9.996E-005 0.9995 9.996E-005 9.996E-005
0.0257833 0.0493243 0.0871946 0.723477 0.0640382 0.0501822
9.996E-005 9.996E-005 9.996E-005 0.9995 9.996E-005 9.996E-005
9.996E-005 9.996E-005 9.996E-005 0.9995 9.996E-005 9.996E-005
0.18618 9.9964E-005 9.9964E-005 9.9964E-005 0.81342 9.9964E-005
0.214062 0.0402523 9.9982E-005 0.00695026 0.738535 9.9982E-005
0.192321 9.9982E-005 0.0277148 0.00126682 0.778497 9.9982E-005
0.198284 0.000419287 0.0351275 0.00468111 0.646292 0.115197
0.00697979 0.125087 0.0259061 0.0264672 0.615587 0.199973
0.378899 0.0485791 0.0294414 9.9991E-005 0.52411 0.0188705
9.996E-005 0.9995 9.996E-005 9.996E-005 9.996E-005 9.996E-005
0.010883 0.835095 9.9991E-005 0.0108431 0.106788 0.036291
9.99639E-005 0.992672 9.99639E-005 9.99639E-005 0.00692837 9.99639E-005
9.9982E-005 0.843542 0.0429732 0.0249363 0.0883484 9.9982E-005
0.938011 0.0536719 0.00801737 9.9973E-005 9.9973E-005 9.9973E-005
9.9973E-005 0.981775 0.0108676 0.00705746 9.9973E-005 9.9973E-005
9.996E-005 0.9995 9.996E-005 9.996E-005 9.996E-005 9.996E-005
9.9982E-005 0.96545 0.00913644 0.000102675 9.9982E-005 0.0251114
9.9973E-005 0.890132 9.9973E-005 9.9973E-005 0.0985103 0.0110579
0.0514643 0.948136 9.9964E-005 9.9964E-005 9.9964E-005 9.9964E-005
0.425269 0.524856 0.0495751 9.9973E-005 9.9973E-005 9.9973E-005
0.15607 9.9964E-005 0.84353 9.9964E-005 9.9964E-005 9.9964E-005
9.9964E-005 0.0569828 0.942617 9.9964E-005 9.9964E-005 9.9964E-005
9.9964E-005 9.9964E-005 0.923694 9.9964E-005 0.0759062 9.9964E-005
0.0232139 0.00982259 0.770199 9.9991E-005 0.131014 0.0656505
0.22009 9.9982E-005 0.690601 0.0158402 9.9982E-005 0.0732685
0.213098 9.9982E-005 0.713511 9.9982E-005 0.0696573 0.00353361
9.9964E-005 0.0274108 0.972189 9.9964E-005 9.9964E-005 9.9964E-005
0.200675 9.9973E-005 0.765831 9.9973E-005 0.0331943 9.9973E-005
0.300754 9.9982E-005 0.663065 0.0276802 0.00830131 9.9982E-005
0.377465 9.9982E-005 0.57754 9.9982E-005 0.0159074 0.0288875
9.9964E-005 0.0035913 0.996009 9.9964E-005 9.9964E-005 9.9964E-005
0.357187 0.147297 0.0503652 0.0092755 0.257902 0.177973
0.155887 0.0328727 0.0688974 0.0218843 0.154319 0.566139
9.996E-005 9.996E-005 9.996E-005 9.996E-005 9.996E-005 0.9995
0.176111 0.0586634 9.9982E-005 9.9982E-005 0.162861 0.602165
9.996E-005 9.996E-005 9.996E-005 9.996E-005 9.996E-005 0.9995
9.996E-005 9.996E-005 9.996E-005 9.996E-005 9.996E-005 0.9995
9.996E-005 9.996E-005 9.996E-005 9.996E-005 9.996E-005 0.9995
0.149849 0.0521614 0.0107535 0.00983412 9.9991E-005 0.777302
0.148551 0.0364439 0.0193362 9.9991E-005 0.161353 0.634217
9.99609E-005 9.99609E-005 9.99609E-005 9.99609E-005 0.9995 9.99609E-005
9.9991E-005 0.0371237 0.1042 0.0139653 0.813645 0.0309655
9.9973E-005 9.9973E-005 9.9973E-005 0.0120373 0.977354 0.0103092
9.996E-005 9.996E-005 9.996E-005 9.996E-005 0.9995 9.996E-005
9.996E-005 9.996E-005 9.996E-005 9.996E-005 0.9995 9.996E-005
9.9964E-005 9.9964E-005 9.9964E-005 0.0163392 0.983261 9.9964E-005
9.9991E-005 0.0248162 0.0112897 0.0155676 0.925709 0.0225171
9.9964E-005 0.00837589 9.9964E-005 9.9964E-005 0.991224 9.9964E-005
9.99639E-005 9.99639E-005 9.99639E-005 9.99639E-005 0.956806 0.0427946
9.996E-005 9.996E-005 9.996E-005 9.996E-005 0.9995 9.996E-005
9.9973E-005 0.000240253 0.0126701 9.9973E-005 0.98679 9.9973E-005
