9.999E-005 0.9998 9.999E-005
9.999E-005 0.994645 0.0052552
0.229093 0.751625 0.0192811
0.103115 0.875458 0.0214273
0.0784231 0.903506 0.0180708
9.999E-005 0.993845 0.00605497
9.999E-005 0.9998 9.999E-005
0.171226 0.828674 9.9991E-005
0.122959 0.851051 0.0259899
0.147127 0.845447 0.00742614
0.0248863 0.957831 0.0172822
0.0109239 0.012639 0.976437
9.999E-005 9.999E-005 0.9998
0.0338136 0.0380688 0.928118
0.00790916 0.0223847 0.969706
9.999E-005 9.999E-005 0.9998
0.116597 0.146088 0.737315
9.999E-005 9.999E-005 0.9998
9.999E-005 9.999E-005 0.9998
0.829092 0.170808 9.9991E-005
0.779604 0.209395 0.0110006
0.803151 0.183847 0.0130018
0.695195 0.29582 0.00898502
0.764889 0.208153 0.0269573
0.557988 0.437013 0.00499909
0.338932 0.660968 9.9991E-005
0.411249 0.588651 9.9991E-005
0.353657 0.646243 9.9991E-005
0.394034 0.589047 0.0169193
9.999E-005 0.9998 9.999E-005
0.351301 0.648599 9.9991E-005
0.294095 0.705805 9.9991E-005
0.347546 0.652354 9.9991E-005
0.438886 0.561014 9.9991E-005
0.313433 0.686467 9.9991E-005
0.0731967 0.926703 9.9991E-005
0.0137342 0.955395 0.0308711
0.115582 0.857392 0.0270264
0.219367 0.748324 0.0323083
0.256648 0.726435 0.0169171
0.0883236 0.874947 0.036729
0.126506 0.868863 0.00463082
0.0886203 0.894207 0.0171724
0.116514 0.878655 0.00483059
0.0701984 0.887828 0.0419737
0.0667371 0.927581 0.00568214
0.0941038 0.881135 0.0247608
0.385521 0.602647 0.0118319
0.433994 0.541786 0.0242203
0.443462 0.556438 9.9991E-005
0.458581 0.541319 9.9991E-005
0.464248 0.53529 0.000462919
0.466652 0.533248 9.9991E-005
0.451515 0.548385 9.9991E-005
0.342004 0.649193 0.00880308
0.448113 0.551787 9.9991E-005
0.9998 9.999E-005 9.999E-005
0.898217 0.0833155 0.0184678
0.985908 9.9991E-005 0.0139917
0.9998 9.999E-005 9.999E-005
0.9998 9.999E-005 9.999E-005
0.989819 9.9991E-005 0.0100805
0.986343 9.9991E-005 0.0135568
0.9998 9.999E-005 9.999E-005
0.9998 9.999E-005 9.999E-005
0.9998 9.999E-005 9.999E-005
0.9998 9.999E-005 9.999E-005
