0.9998 9.999E-005 9.999E-005
0.9998 9.999E-005 9.999E-005
0.752478 0.231137 0.0163851
0.876382 0.0994396 0.0241787
0.91372 0.0747259 0.0115544
0.998371 9.9991E-005 0.00152919
0.9998 9.999E-005 9.999E-005
0.832405 0.167495 9.9991E-005
0.853233 0.115467 0.0313001
0.842577 0.150898 0.00652444
0.958028 0.02396 0.0180119
0.0170383 0.0097607 0.973201
9.999E-005 9.999E-005 0.9998
0.0245884 0.0487452 0.926666
0.0157654 0.0208768 0.963358
9.999E-005 9.999E-005 0.9998
0.158522 0.118258 0.72322
9.999E-005 9.999E-005 0.9998
9.999E-005 9.999E-005 0.9998
0.162678 0.837222 9.9991E-005
0.198849 0.779352 0.0217984
0.186379 0.80503 0.00859137
0.282182 0.707667 0.0101507
0.20221 0.773335 0.0244555
0.44311 0.555063 0.00182717
0.641857 0.358043 9.9991E-005
0.582875 0.417025 9.9991E-005
0.635473 0.364427 9.9991E-005
0.580626 0.404454 0.0149204
0.9998 9.999E-005 9.999E-005
0.655479 0.344421 9.9991E-005
0.700886 0.299014 9.9991E-005
0.651808 0.348092 9.9991E-005
0.546499 0.453401 9.9991E-005
0.683512 0.316388 9.9991E-005
0.91019 0.0885309 0.00127914
0.955501 0.00956322 0.034936
0.856201 0.11595 0.0278493
0.747478 0.229315 0.0232074
0.725884 0.258939 0.0151772
0.878763 0.0868111 0.0344257
0.856729 0.137558 0.00571375
0.877971 0.0935242 0.0285052
0.884837 0.110923 0.00423992
0.873015 0.0844841 0.042501
0.92992 0.065919 0.00416112
0.889102 0.0843717 0.0265265
0.604538 0.385005 0.0104568
0.526949 0.448946 0.0241058
0.541867 0.453951 0.00418276
0.536077 0.463823 9.9991E-005
0.543168 0.456732 9.9991E-005
0.535043 0.464857 9.9991E-005
0.545723 0.454177 9.9991E-005
0.634927 0.354674 0.0103988
0.538621 0.461279 9.9991E-005
9.999E-005 0.9998 9.999E-005
0.0954737 0.889208 0.0153181
9.9991E-005 0.99025 0.00965047
9.999E-005 0.9998 9.999E-005
9.999E-005 0.9998 9.999E-005
9.9991E-005 0.98671 0.0131901
0.00135722 0.984217 0.0144253
9.999E-005 0.9998 9.999E-005
9.999E-005 0.9998 9.999E-005
9.999E-005 0.9998 9.999E-005
9.999E-005 0.9998 9.999E-005
