0.963096 9.9973E-005 0.0319253 9.9973E-005 0.00467899 9.9973E-005
0.880813 9.9982E-005 0.0406441 9.9982E-005 0.0736731 0.0046694
0.595259 0.145444 9.9991E-005 0.237459 0.00721773 0.01452
0.882898 9.9973E-005 9.9973E-005 0.115894 9.9973E-005 0.000908582
0.889852 9.9973E-005 9.9973E-005 0.101956 9.9973E-005 0.00789138
0.818504 0.130911 0.0452254 9.9982E-005 0.00515938 9.9982E-005
0.957607 9.9982E-005 0.0216857 0.0063705 0.0141366 9.9982E-005
0.597632 0.145689 0.0969519 0.129953 0.0296742 9.9991E-005
0.774183 0.0274372 0.0577834 0.115449 0.00742182 0.0177255
0.817765 9.9973E-005 9.9973E-005 0.139565 0.0423697 9.9973E-005
0.827235 0.0657228 9.9991E-005 0.00895658 0.0790629 0.0189232
9.9982E-005 0.0226199 9.9982E-005 0.00584046 0.00317263 0.968167
9.996E-005 9.996E-005 9.996E-005 9.996E-005 9.996E-005 0.9995
9.9982E-005 0.0124839 0.0280022 9.9982E-005 0.0413714 0.917943
0.018343 0.0151265 9.9982E-005 0.00721024 9.9982E-005 0.95912
9.996E-005 9.996E-005 9.996E-005 9.996E-005 9.996E-005 0.9995
0.0355372 0.0752925 0.0637848 0.0693169 0.0307369 0.725332
9.996E-005 9.996E-005 9.996E-005 9.996E-005 9.996E-005 0.9995
9.996E-005 9.996E-005 9.996E-005 9.996E-005 9.996E-005 0.9995
0.181496 9.9964E-005 9.9964E-005 0.818105 9.9964E-005 9.9964E-005
0.208733 9.9982E-005 0.0332146 0.74614 9.9982E-005 0.0117128
0.184575 0.0248608 9.9982E-005 0.787757 9.9982E-005 0.00260766
0.205507 0.0164585 9.9991E-005 0.647844 0.124484 0.005607
0.0242403 0.0346827 0.102907 0.624844 0.187582 0.0257441
0.386381 0.030346 0.036166 0.545342 9.9991E-005 0.00166464
9.996E-005 9.996E-005 0.9995 9.996E-005 9.996E-005 9.996E-005
0.0296256 9.9991E-005 0.831026 0.116314 0.0192035 0.00373022
9.9964E-005 9.9964E-005 0.998325 0.00127501 9.9964E-005 9.9964E-005
9.9982E-005 0.0220856 0.853461 0.10422 9.9982E-005 0.0200334
0.941329 9.9964E-005 0.0582715 9.9964E-005 9.9964E-005 9.9964E-005
9.9973E-005 0.0123333 0.983565 9.9973E-005 9.9973E-005 0.00380178
9.9973E-005 0.00306186 0.994765 9.9973E-005 9.9973E-005 0.00187288
9.9973E-005 0.017597 0.96489 9.9973E-005 0.0172133 9.9973E-005
9.9973E-005 9.9973E-005 0.897672 0.0883967 0.0136316 9.9973E-005
0.0441847 9.9964E-005 0.955415 9.9964E-005 9.9964E-005 9.9964E-005
0.41593 0.060679 0.523091 9.9973E-005 9.9973E-005 9.9973E-005
0.158323 0.839128 9.9973E-005 9.9973E-005 9.9973E-005 0.00224978
9.9964E-005 0.954503 0.0450974 9.9964E-005 9.9964E-005 9.9964E-005
9.9964E-005 0.902869 9.9964E-005 0.096731 9.9964E-005 9.9964E-005
0.0500954 0.742541 0.00244022 0.144979 0.0590242 0.000920389
0.247479 0.659522 9.9982E-005 9.9982E-005 0.0799283 0.0128704
0.226859 0.698188 9.9973E-005 0.0746534 9.9973E-005 9.9973E-005
9.9973E-005 0.960775 0.0283901 9.9973E-005 0.0105346 9.9973E-005
0.188354 0.785631 9.9973E-005 0.0257155 9.9973E-005 9.9973E-005
0.307192 0.643207 9.9982E-005 0.0275669 9.9982E-005 0.0218348
0.390022 0.569987 9.9982E-005 0.0122687 0.0275219 9.9982E-005
9.996E-005 0.9995 9.996E-005 9.996E-005 9.996E-005 9.996E-005
0.376443 0.0298266 0.148528 0.258598 0.17772 0.00888349
0.179543 0.0227041 0.0351894 0.180977 0.554816 0.0267703
9.996E-005 9.996E-005 9.996E-005 9.996E-005 0.9995 9.996E-005
0.180911 9.9982E-005 0.0390653 0.186105 0.593719 9.9982E-005
9.996E-005 9.996E-005 9.996E-005 9.996E-005 0.9995 9.996E-005
9.996E-005 9.996E-005 9.996E-005 9.996E-005 0.9995 9.996E-005
9.996E-005 9.996E-005 9.996E-005 9.996E-005 0.9995 9.996E-005
0.139461 0.00929254 0.0632982 9.9991E-005 0.77757 0.0102785
0.155529 0.0250209 0.0227938 0.183268 0.613289 9.9991E-005
9.996E-005 9.996E-005 9.996E-005 0.9995 9.996E-005 9.996E-005
9.9991E-005 0.0923556 0.0470363 0.816042 0.028603 0.0158635
9.9973E-005 9.9973E-005 9.9973E-005 0.978047 0.0141049 0.00754812
9.996E-005 9.996E-005 9.996E-005 0.9995 9.996E-005 9.996E-005
9.996E-005 9.996E-005 9.996E-005 0.9995 9.996E-005 9.996E-005
9.9964E-005 9.9964E-005 9.9964E-005 0.990614 9.9964E-005 0.00898585
9.9991E-005 0.0187667 0.0227898 0.922509 0.0218549 0.0139794
9.996E-005 9.996E-005 9.996E-005 0.9995 9.996E-005 9.996E-005
9.99639E-005 9.99639E-005 9.99639E-005 0.965314 0.0342861 9.99639E-005
9.996E-005 9.996E-005 9.996E-005 0.9995 9.996E-005 9.996E-005
9.9973E-005 0.0147042 0.00385387 0.981142 9.9973E-005 9.9973E-005
