9.9973E-005 0.0152955 0.0142011 0.0224047 9.9973E-005 0.947799 9.9973E-005
9.9982E-005 0.0288706 0.0687097 0.0347113 0.00225765 0.865251 9.9982E-005
0.221148 0.077578 0.0170169 9.9991E-005 0.0168386 0.60454 0.0627784
0.112164 9.9964E-005 9.9964E-005 9.9964E-005 0.000131445 0.887305 9.9964E-005
0.0868322 9.99639E-005 9.99639E-005 9.99639E-005 0.0063049 0.906463 9.99639E-005
9.999E-005 0.0844089 0.0171987 0.021796 0.00512228 0.7796 0.0917743
0.0182627 0.0174085 0.00680229 9.9973E-005 9.9973E-005 0.957227 9.9973E-005
0.11835 0.0737854 0.0457602 0.082945 9.9991E-005 0.586663 0.0923963
0.11918 0.000419024 9.9991E-005 0.0377854 0.017761 0.815155 0.00959948
0.147085 9.9964E-005 0.0369309 9.9964E-005 9.9964E-005 0.815585 9.9964E-005
9.9982E-005 0.0641528 0.0896816 9.9982E-005 0.0207019 0.798718 0.0265458
9.9973E-005 0.00393508 9.9973E-005 0.00451299 0.97294 9.9973E-005 0.0183116
9.995E-005 9.995E-005 9.995E-005 9.995E-005 0.9994 9.995E-005 9.995E-005
0.00484184 0.0270601 0.015947 0.0299954 0.921956 9.9982E-005 9.9982E-005
9.9982E-005 0.00742601 0.00682368 9.9982E-005 0.969905 0.0131586 0.0024865
9.995E-005 9.995E-005 9.995E-005 9.995E-005 0.9994 9.995E-005 9.995E-005
0.102815 0.0134207 0.0300374 0.0199296 0.734298 0.0548119 0.0446878
9.995E-005 9.995E-005 9.995E-005 9.995E-005 0.9994 9.995E-005 9.995E-005
9.995E-005 9.995E-005 9.995E-005 9.995E-005 0.9994 9.995E-005 9.995E-005
0.823669 9.9955E-005 9.9955E-005 9.9955E-005 9.9955E-005 0.175832 9.9955E-005
0.734261 9.9973E-005 9.9973E-005 0.0424968 0.00983655 0.213105 9.9973E-005
0.790865 9.9973E-005 9.9973E-005 9.9973E-005 0.00373463 0.159088 0.0460126
0.632799 0.0711943 0.115702 9.9982E-005 0.00490209 0.175202 9.9982E-005
0.603085 0.000931798 0.206195 0.112852 0.0302137 0.0120401 0.0346834
0.556164 0.00774179 9.9991E-005 0.0200349 0.00317912 0.400605 0.0121752
9.995E-005 9.995E-005 9.995E-005 0.9994 9.995E-005 9.995E-005 9.995E-005
0.10941 9.9982E-005 0.0187657 0.825666 0.00536556 0.0405923 9.9982E-005
0.00354179 9.99549E-005 9.99549E-005 0.995958 9.99549E-005 9.99549E-005 9.99549E-005
0.086503 0.0207913 9.9982E-005 0.844782 0.0234845 9.9982E-005 0.0242387
9.99725E-005 0.0316852 9.99725E-005 0.0435835 9.99725E-005 0.924331 9.99725E-005
0.000922709 9.9982E-005 0.0120703 0.973246 0.00722794 9.9982E-005 0.00633287
9.9955E-005 0.00838604 9.9955E-005 0.991114 9.9955E-005 9.9955E-005 9.9955E-005
9.9982E-005 0.00885708 0.0129701 0.957316 0.000867319 9.9982E-005 0.0197896
0.0879047 9.9964E-005 0.0180128 0.893683 9.9964E-005 9.9964E-005 9.9964E-005
9.9955E-005 9.9955E-005 9.9955E-005 0.952788 9.9955E-005 0.0467119 9.9955E-005
9.9973E-005 0.0151064 9.9973E-005 0.504066 9.9973E-005 0.424097 0.0564302
9.9964E-005 0.0592483 9.9964E-005 9.9964E-005 9.9964E-005 0.143366 0.796986
9.9955E-005 9.9955E-005 9.9955E-005 0.0392849 9.9955E-005 9.9955E-005 0.960215
0.0882516 0.0352257 9.9964E-005 9.9964E-005 9.9964E-005 9.9964E-005 0.876123
0.139749 0.165448 0.0549397 0.0131056 9.9991E-005 0.0355265 0.591132
9.9982E-005 0.0131879 0.0854718 9.9982E-005 0.0120729 0.240578 0.648489
9.995E-005 0.9994 9.995E-005 9.995E-005 9.995E-005 9.995E-005 9.995E-005
9.9955E-005 9.9955E-005 9.9955E-005 0.0102699 9.9955E-005 9.9955E-005 0.98923
9.995E-005 0.9994 9.995E-005 9.995E-005 9.995E-005 9.995E-005 9.995E-005
9.99729E-005 0.0293515 9.99729E-005 9.99729E-005 0.0216504 0.290185 0.658513
9.9982E-005 0.340907 0.0235447 0.00784459 9.9982E-005 0.329781 0.297723
9.99551E-005 0.00560711 9.99551E-005 9.99551E-005 9.99551E-005 9.99551E-005 0.993893
0.26647 0.00305472 0.178768 0.129973 0.00876538 0.373869 0.0391003
0.145107 0.0584886 0.579224 0.0371421 0.0318569 0.134485 0.0136966
9.995E-005 9.995E-005 0.9994 9.995E-005 9.995E-005 9.995E-005 9.995E-005
0.165345 9.9982E-005 0.654239 0.0293386 9.9982E-005 0.149823 0.0010545
9.995E-005 9.995E-005 0.9994 9.995E-005 9.995E-005 9.995E-005 9.995E-005
9.995E-005 9.995E-005 0.9994 9.995E-005 9.995E-005 9.995E-005 9.995E-005
9.995E-005 9.995E-005 0.9994 9.995E-005 9.995E-005 9.995E-005 9.995E-005
9.9982E-005 0.00668895 0.793603 0.0538482 0.0110621 0.134598 9.9982E-005
0.148795 0.0362087 0.644373 0.0361882 9.9982E-005 0.134235 9.9982E-005
0.997303 9.9955E-005 9.9955E-005 0.00219686 9.9955E-005 9.9955E-005 9.9955E-005
0.813565 0.0264268 0.0235971 0.06284 0.0138775 9.9991E-005 0.0595934
0.967494 0.0194022 9.9964E-005 9.9964E-005 0.0127037 9.9964E-005 9.9964E-005
0.9994 9.995E-005 9.995E-005 9.995E-005 9.995E-005 9.995E-005 9.995E-005
0.9994 9.995E-005 9.995E-005 9.995E-005 9.995E-005 9.995E-005 9.995E-005
0.993219 9.9955E-005 9.9955E-005 9.9955E-005 0.0062817 9.9955E-005 9.9955E-005
0.918024 0.0131733 0.0360915 0.0225177 0.00999331 9.9982E-005 9.9982E-005
0.9994 9.995E-005 9.995E-005 9.995E-005 9.995E-005 9.995E-005 9.995E-005
0.957741 9.99549E-005 0.0417595 9.99549E-005 9.99549E-005 9.99549E-005 9.99549E-005
0.9994 9.995E-005 9.995E-005 9.995E-005 9.995E-005 9.995E-005 9.995E-005
0.98345 9.9964E-005 9.9964E-005 0.0098503 9.9964E-005 9.9964E-005 0.00629977
