0.967338 0.0238342 0.00852739 9.9973E-005 9.9973E-005 9.9973E-005
0.868306 0.050034 0.0813606 9.9973E-005 9.9973E-005 9.9973E-005
0.609635 9.9982E-005 9.9982E-005 0.14862 0.00922216 0.232323
0.882526 9.9973E-005 9.9973E-005 9.9973E-005 0.00426994 0.112905
0.91163 9.99639E-005 9.99639E-005 9.99639E-005 9.99639E-005 0.0879704
0.855773 0.00707285 9.9991E-005 0.124671 0.00178637 0.0105964
0.960763 0.0146701 0.0224399 9.9982E-005 9.9982E-005 0.00192745
0.606551 0.0792058 0.0368334 0.148379 9.9991E-005 0.128931
0.787323 0.0486923 0.0035163 0.00865311 0.0247923 0.127023
0.801159 9.9973E-005 0.0622209 9.9973E-005 9.9973E-005 0.13632
0.818152 9.9982E-005 0.0931505 0.0770934 0.0114037 9.9982E-005
9.9982E-005 0.000622053 9.9982E-005 0.0162689 0.981724 0.00118463
9.996E-005 9.996E-005 9.996E-005 9.996E-005 0.9995 9.996E-005
9.999E-005 0.0190615 0.0281033 0.00175116 0.92618 0.0248041
0.0216826 9.9991E-005 0.00503648 0.002387 0.966682 0.0041115
9.996E-005 9.996E-005 9.996E-005 9.996E-005 0.9995 9.996E-005
0.0338874 0.0609127 0.023468 0.0880973 0.719303 0.0743313
9.996E-005 9.996E-005 9.996E-005 9.996E-005 0.9995 9.996E-005
9.996E-005 9.996E-005 9.996E-005 9.996E-005 0.9995 9.996E-005
0.181241 9.9964E-005 9.9964E-005 9.9964E-005 9.9964E-005 0.818359
0.206754 0.0265449 9.9982E-005 9.9982E-005 0.0109408 0.755561
0.189118 9.9973E-005 9.9973E-005 0.019342 9.9973E-005 0.79124
0.200738 0.00762848 0.124011 0.0305552 0.007668 0.6294
0.0221797 0.108647 0.181752 0.0380435 0.0266642 0.622714
0.39205 0.031769 0.0138955 0.0346317 9.9991E-005 0.527554
9.996E-005 0.9995 9.996E-005 9.996E-005 9.996E-005 9.996E-005
0.0244962 0.851748 0.0228844 9.9991E-005 0.00724132 0.0935305
9.9964E-005 0.993805 9.9964E-005 9.9964E-005 9.9964E-005 0.00579518
9.9982E-005 0.859675 9.9982E-005 0.0282454 0.0255952 0.086284
0.956959 0.0426415 9.9964E-005 9.9964E-005 9.9964E-005 9.9964E-005
9.9973E-005 0.987834 9.9973E-005 0.00779302 0.00407315 9.9973E-005
9.996E-005 0.9995 9.996E-005 9.996E-005 9.996E-005 9.996E-005
9.9982E-005 0.949493 0.0223721 0.0271206 0.00081454 9.9982E-005
9.9973E-005 0.874329 0.0252202 9.9973E-005 9.9973E-005 0.100151
0.0416914 0.957909 9.9964E-005 9.9964E-005 9.9964E-005 9.9964E-005
0.448053 0.51276 9.9973E-005 0.0388864 9.9973E-005 9.9973E-005
0.138431 9.9964E-005 9.9964E-005 0.861169 9.9964E-005 9.9964E-005
9.9973E-005 0.0764963 0.000358555 0.922845 9.9973E-005 9.9973E-005
9.9964E-005 9.9964E-005 9.9964E-005 0.919739 9.9964E-005 0.0798611
0.0508838 0.0132696 0.0553787 0.742583 9.9991E-005 0.137785
0.211923 9.9982E-005 0.101268 0.669762 0.0168473 9.9982E-005
0.178189 9.9982E-005 0.005387 0.750237 9.9982E-005 0.0659876
9.9973E-005 0.0506926 0.00407932 0.944928 9.9973E-005 9.9973E-005
0.163492 9.9973E-005 9.9973E-005 0.788618 9.9973E-005 0.0475903
0.317825 9.9982E-005 9.9982E-005 0.651506 0.0187413 0.011728
0.379131 0.00368911 0.0215103 0.580778 9.9991E-005 0.0147923
9.996E-005 9.996E-005 9.996E-005 0.9995 9.996E-005 9.996E-005
0.394119 0.130784 0.169252 0.0139074 0.0122957 0.279643
0.154075 0.0342515 0.578494 0.0393741 0.0255683 0.168237
9.996E-005 9.996E-005 0.9995 9.996E-005 9.996E-005 9.996E-005
0.169586 0.025598 0.624978 9.9982E-005 9.9982E-005 0.179638
9.996E-005 9.996E-005 0.9995 9.996E-005 9.996E-005 9.996E-005
9.996E-005 9.996E-005 0.9995 9.996E-005 9.996E-005 9.996E-005
9.996E-005 9.996E-005 0.9995 9.996E-005 9.996E-005 9.996E-005
0.147915 0.0362692 0.793737 0.0132863 0.00869277 9.9991E-005
0.128856 0.0283015 0.655655 0.0426608 9.9991E-005 0.144427
9.9964E-005 0.00714735 9.9964E-005 9.9964E-005 9.9964E-005 0.992453
9.9991E-005 0.0521165 0.0264404 0.0897953 0.0161313 0.815416
0.00585455 0.00356662 9.9982E-005 9.9982E-005 0.0224386 0.96794
9.996E-005 9.996E-005 9.996E-005 9.996E-005 9.996E-005 0.9995
9.996E-005 9.996E-005 9.996E-005 9.996E-005 9.996E-005 0.9995
9.9964E-005 9.9964E-005 9.9964E-005 9.9964E-005 0.0131265 0.986474
9.9991E-005 0.0157668 0.0308244 0.00661363 0.0137145 0.932981
9.9964E-005 0.00589254 9.9964E-005 9.9964E-005 9.9964E-005 0.993708
9.99639E-005 9.99639E-005 0.0285953 9.99639E-005 9.99639E-005 0.971005
9.996E-005 9.996E-005 9.996E-005 9.996E-005 9.996E-005 0.9995
9.9973E-005 0.00536684 9.9973E-005 0.0220305 9.9973E-005 0.972303
