0.754924 0.131299 0.113478 9.9973E-005 9.9973E-005 9.9973E-005
0.720554 0.12517 0.147097 0.00697968 9.9982E-005 9.9982E-005
0.665555 0.0306994 0.0663974 0.00449243 0.221445 0.0114107
0.776828 0.0550107 0.0459477 0.0214253 0.100689 9.9991E-005
0.751448 0.113696 0.0678459 9.9991E-005 0.0572153 0.00969403
0.833148 0.0991209 0.0674316 9.9973E-005 9.9973E-005 9.9973E-005
0.763013 0.123542 0.113145 9.9973E-005 9.9973E-005 9.9973E-005
0.638998 0.141793 0.120887 9.9982E-005 0.0981221 9.9982E-005
0.673984 0.153441 0.0886597 9.9991E-005 0.0622359 0.0215799
0.657514 0.0795023 0.162459 9.9991E-005 0.0907538 0.00967028
0.754912 0.0684755 0.168932 9.9982E-005 9.9982E-005 0.00748062
0.0137287 0.00591011 9.9991E-005 0.0162668 0.00530053 0.958694
9.9964E-005 9.9964E-005 9.9964E-005 0.0021843 9.9964E-005 0.997416
0.000321308 0.0342966 0.030808 0.0195561 0.0073678 0.90765
0.0115815 9.9982E-005 0.00703464 9.9982E-005 0.0216368 0.959547
9.996E-005 9.996E-005 9.996E-005 9.996E-005 9.996E-005 0.9995
9.996E-005 9.996E-005 9.996E-005 0.9995 9.996E-005 9.996E-005
9.9964E-005 9.9964E-005 0.00284293 9.9964E-005 9.9964E-005 0.996757
9.996E-005 9.996E-005 9.996E-005 9.996E-005 9.996E-005 0.9995
0.152618 0.0266429 9.9973E-005 9.9973E-005 0.82044 9.9973E-005
0.161152 0.0757221 9.9991E-005 0.00728849 0.747471 0.00826719
0.180831 0.0279043 9.998E-005 0.0111896 0.779875 9.998E-005
0.207032 0.0204554 0.137711 9.9991E-005 0.628868 0.00583259
0.0416852 0.12101 0.169412 0.00276611 0.63655 0.0285765
0.373747 0.0879293 0.0227317 0.0104688 0.505023 9.9991E-005
9.996E-005 0.9995 9.996E-005 9.996E-005 9.996E-005 9.996E-005
9.999E-005 0.837171 0.0274101 0.0036246 0.125648 0.006047
9.9964E-005 0.996881 9.9964E-005 9.9964E-005 0.00271899 9.9964E-005
0.0144459 0.823275 9.999E-005 0.0215347 0.128407 0.012237
0.825246 0.149772 0.0246817 9.9973E-005 9.9973E-005 9.9973E-005
9.9973E-005 0.970378 9.9973E-005 9.9973E-005 0.0251787 0.00414344
9.996E-005 0.9995 9.996E-005 9.996E-005 9.996E-005 9.996E-005
9.998E-005 0.971739 0.0201254 9.998E-005 0.00497473 0.00296074
9.997E-005 0.877212 0.0151989 9.997E-005 0.107289 9.997E-005
0.011902 0.977917 9.9973E-005 0.00988073 9.9973E-005 9.9973E-005
0.434856 0.564744 9.99639E-005 9.99639E-005 9.99639E-005 9.99639E-005
0.943927 9.9982E-005 9.9982E-005 0.00951961 0.0384916 0.00786195
0.847064 0.011612 9.9991E-005 0.016053 0.123748 0.00142262
0.767232 9.9973E-005 9.9973E-005 0.0120557 0.220412 9.9973E-005
0.728138 9.9973E-005 0.00192082 9.9973E-005 0.269641 9.9973E-005
0.846378 9.998E-005 0.0488102 9.998E-005 0.0836373 0.0209746
0.836919 9.9964E-005 9.9964E-005 9.9964E-005 0.162681 9.9964E-005
0.865057 9.997E-005 9.997E-005 0.0108785 0.123765 9.997E-005
0.876339 9.9964E-005 9.9964E-005 9.9964E-005 0.123261 9.9964E-005
0.875458 9.9982E-005 9.9982E-005 0.00845299 0.0952035 0.0206858
0.860887 0.018747 0.0298271 0.0120986 0.0783404 9.999E-005
0.874062 9.997E-005 9.997E-005 0.018754 0.106884 9.997E-005
0.335775 0.198621 0.209963 0.0150571 0.240484 9.999E-005
0.154166 0.0711089 0.574806 0.0194904 0.167366 0.0130626
9.996E-005 9.996E-005 0.9995 9.996E-005 9.996E-005 9.996E-005
0.127834 0.0647304 0.652746 0.00656509 0.148024 9.999E-005
9.99639E-005 9.99639E-005 0.999437 0.000163494 9.99639E-005 9.99639E-005
9.996E-005 9.996E-005 0.9995 9.996E-005 9.996E-005 9.996E-005
9.996E-005 9.996E-005 0.9995 9.996E-005 9.996E-005 9.996E-005
0.119299 0.0751894 0.788893 9.998E-005 9.998E-005 0.0164193
0.139623 0.0358298 0.655764 0.00245717 0.166226 9.9991E-005
9.996E-005 9.996E-005 9.996E-005 9.996E-005 0.9995 9.996E-005
0.0565475 0.0401651 0.0373175 0.0291634 0.836707 9.99937E-005
9.9964E-005 9.9964E-005 9.9964E-005 0.0242376 0.975363 9.9964E-005
9.996E-005 9.996E-005 9.996E-005 9.996E-005 0.9995 9.996E-005
9.996E-005 9.996E-005 9.996E-005 9.996E-005 0.9995 9.996E-005
9.9964E-005 9.9964E-005 9.9964E-005 9.9964E-005 0.988219 0.0113814
9.999E-005 0.0173048 0.0330714 0.00569962 0.932016 0.0118082
9.997E-005 0.00464502 9.997E-005 0.00298637 0.992069 9.997E-005
9.9973E-005 9.9973E-005 0.0357937 9.9973E-005 0.963651 0.000255149
9.996E-005 9.996E-005 9.996E-005 9.996E-005 0.9995 9.996E-005
9.9964E-005 9.9964E-005 0.00743448 9.9964E-005 0.992166 9.9964E-005
