0.864608 9.9982E-005 9.9982E-005 0.135192
0.847204 9.9982E-005 9.9982E-005 0.152597
0.72143 0.0112501 0.237025 0.0302951
0.850875 0.0119804 0.110857 0.0262875
0.84335 0.00647479 0.0624664 0.0877088
0.900814 9.9982E-005 9.9982E-005 0.0989857
0.877739 9.9982E-005 9.9982E-005 0.122061
0.728098 9.9991E-005 0.120851 0.150951
0.727421 0.023197 0.088626 0.160756
0.780498 0.00174808 0.138582 0.079172
0.891463 0.00835014 0.0112471 0.0889395
0.0104501 0.973169 0.00535159 0.0110292
9.998E-005 0.9997 9.998E-005 9.998E-005
0.00554546 0.930622 0.0384712 0.0253615
0.0298821 0.961294 0.00872363 9.9991E-005
9.998E-005 0.9997 9.998E-005 9.998E-005
0.11678 0.724836 0.0987201 0.0596636
9.998E-005 0.9997 9.998E-005 9.998E-005
9.998E-005 0.9997 9.998E-005 9.998E-005
0.158773 9.9991E-005 0.8242 0.0169272
0.15832 0.0151826 0.736384 0.0901131
0.175045 0.00950102 0.786135 0.029319
0.271192 0.00622656 0.6973 0.0252813
0.113055 0.02216 0.71645 0.148335
0.383954 9.9991E-005 0.52937 0.0865754
9.998E-005 9.998E-005 9.998E-005 0.9997
0.0116735 0.00360148 0.123987 0.860738
9.998E-005 9.998E-005 9.998E-005 0.9997
9.9991E-005 0.0277573 0.115665 0.856478
0.882669 9.9982E-005 9.9982E-005 0.117131
9.9991E-005 0.00373567 0.0118888 0.984276
9.998E-005 9.998E-005 9.998E-005 0.9997
9.9991E-005 0.00501079 0.0305552 0.964334
9.9982E-005 9.9982E-005 0.116571 0.883229
0.0409983 9.9991E-005 0.00042008 0.958482
0.455016 9.9982E-005 9.9982E-005 0.544784
0.974192 0.0206832 0.00502448 9.9991E-005
0.857525 0.0154355 0.114505 0.012535
0.78543 0.00676311 0.207707 9.9991E-005
0.740781 0.000980551 0.258139 9.9991E-005
0.881514 0.0267123 0.0916738 9.9991E-005
0.857917 9.9982E-005 0.141883 9.9982E-005
0.892839 0.0140142 0.093047 9.9991E-005
0.892961 9.9982E-005 0.106839 9.9982E-005
0.890357 0.0281843 0.081359 9.9991E-005
0.921498 9.9991E-005 0.0638114 0.0145908
0.904544 0.0155437 0.0798126 9.9991E-005
0.463431 0.0106156 0.319265 0.206688
0.448941 0.0230908 0.397013 0.130955
0.442252 9.9991E-005 0.395015 0.162633
0.436987 9.9991E-005 0.40719 0.155722
0.447906 9.9991E-005 0.419985 0.132009
0.434069 9.9991E-005 0.426188 0.139643
0.450782 9.9991E-005 0.408751 0.140367
0.519869 0.00439484 0.286408 0.189329
0.444134 9.9991E-005 0.41105 0.144717
9.998E-005 9.998E-005 0.9997 9.998E-005
0.0539326 0.0197622 0.856747 0.0695582
9.9982E-005 0.0155718 0.984228 9.9982E-005
9.998E-005 9.998E-005 0.9997 9.998E-005
9.998E-005 9.998E-005 0.9997 9.998E-005
9.9982E-005 0.0125966 0.987203 9.9982E-005
9.9991E-005 0.0109841 0.967293 0.0216232
9.998E-005 9.998E-005 0.9997 9.998E-005
9.998E-005 9.998E-005 0.9997 9.998E-005
9.998E-005 9.998E-005 0.9997 9.998E-005
9.998E-005 9.998E-005 0.9997 9.998E-005
