9.9964E-005 9.9964E-005 0.971846 9.9964E-005 0.0277543 9.9964E-005
9.9982E-005 9.9982E-005 0.88167 0.071402 0.0443573 0.00237041
0.144573 0.22768 0.588906 0.0229896 9.9991E-005 0.0157516
9.9964E-005 0.110832 0.888768 9.9964E-005 9.9964E-005 9.9964E-005
9.99729E-005 0.0887399 0.902667 9.99729E-005 9.99729E-005 0.00829336
0.145898 9.9982E-005 0.816527 0.00401179 0.0333626 9.9982E-005
9.9973E-005 9.9973E-005 0.970107 0.019899 0.0096939 9.9973E-005
0.13701 0.133256 0.60805 0.031893 0.0896907 9.9991E-005
0.00530208 0.119136 0.801086 9.9991E-005 0.0549143 0.0194613
9.9973E-005 0.138479 0.825971 0.0352494 9.9973E-005 9.9973E-005
0.0677223 0.00611763 0.82061 0.0904876 9.9991E-005 0.0149623
0.0228607 9.9973E-005 0.00819794 9.9973E-005 9.9973E-005 0.968641
9.996E-005 9.996E-005 9.996E-005 9.996E-005 9.996E-005 0.9995
0.0114536 9.9982E-005 9.9982E-005 0.0306643 0.0312253 0.926457
9.9982E-005 0.00984042 0.0211885 0.00357385 9.9982E-005 0.965197
9.996E-005 9.996E-005 9.996E-005 9.996E-005 9.996E-005 0.9995
0.0708087 0.0777611 0.0186484 0.0268111 0.0714184 0.734552
9.996E-005 9.996E-005 9.996E-005 9.996E-005 9.996E-005 0.9995
9.996E-005 9.996E-005 9.996E-005 9.996E-005 9.996E-005 0.9995
9.9964E-005 0.824251 0.175349 9.9964E-005 9.9964E-005 9.9964E-005
9.9982E-005 0.748123 0.21446 9.9982E-005 0.0291334 0.00808356
0.0443522 0.778085 0.166535 9.9991E-005 0.00513133 0.00579659
0.0274865 0.628672 0.20848 0.111668 0.0149543 0.00873861
0.0213675 0.634776 0.0202045 0.166978 0.126806 0.0298686
0.0370831 0.534063 0.390403 9.9982E-005 0.0382507 9.9982E-005
9.996E-005 9.996E-005 9.996E-005 9.996E-005 0.9995 9.996E-005
9.999E-005 0.109639 0.0137906 0.039015 0.831917 0.00553823
9.996E-005 9.996E-005 9.996E-005 9.996E-005 0.9995 9.996E-005
0.0485235 0.0915155 9.9982E-005 9.9982E-005 0.839682 0.0200787
9.9964E-005 9.9964E-005 0.941185 9.9964E-005 0.058415 9.9964E-005
0.0143155 9.9982E-005 9.9982E-005 0.00028033 0.978156 0.00704824
9.9964E-005 9.9964E-005 9.9964E-005 9.9964E-005 0.997349 0.00225139
0.0271863 9.9982E-005 9.9982E-005 0.0112999 0.959846 0.00146816
9.9973E-005 0.106423 9.9973E-005 0.0218611 0.871416 9.9973E-005
9.9964E-005 9.9964E-005 0.0445493 9.9964E-005 0.955051 9.9964E-005
0.0564525 9.9973E-005 0.414285 9.9973E-005 0.528963 9.9973E-005
0.856429 9.99639E-005 0.143171 9.99639E-005 9.99639E-005 9.99639E-005
0.939329 9.9964E-005 9.9964E-005 9.9964E-005 0.060271 9.9964E-005
0.915583 0.0840171 9.9964E-005 9.9964E-005 9.9964E-005 9.9964E-005
0.779393 0.143238 0.020568 0.0566006 9.9982E-005 9.9982E-005
0.685633 9.9982E-005 0.208781 0.0909981 9.9982E-005 0.0143874
0.705032 0.0713452 0.21886 0.0045622 9.9982E-005 9.9982E-005
0.958771 9.9973E-005 9.9973E-005 0.0016201 0.0393094 9.9973E-005
0.779005 0.0346734 0.186022 9.9973E-005 9.9973E-005 9.9973E-005
0.677177 0.0167022 0.275516 9.9982E-005 9.9982E-005 0.0304046
0.556336 9.9982E-005 0.403113 0.0288205 0.0115305 9.9982E-005
0.9995 9.996E-005 9.996E-005 9.996E-005 9.996E-005 9.996E-005
0.0119433 0.278379 0.384757 0.176564 0.135623 0.0127338
0.0361535 0.168911 0.127167 0.600003 0.0494402 0.0183246
9.996E-005 9.996E-005 9.996E-005 0.9995 9.996E-005 9.996E-005
9.9982E-005 0.16308 0.179635 0.600067 0.0570184 9.9982E-005
9.996E-005 9.996E-005 9.996E-005 0.9995 9.996E-005 9.996E-005
9.996E-005 9.996E-005 9.996E-005 0.9995 9.996E-005 9.996E-005
9.996E-005 9.996E-005 9.996E-005 0.9995 9.996E-005 9.996E-005
0.0129196 9.9991E-005 0.157148 0.758425 0.0582127 0.0131949
0.00850432 0.177318 0.184462 0.597053 0.0325624 9.9991E-005
9.9964E-005 0.998146 9.9964E-005 9.9964E-005 0.00145378 9.9964E-005
0.0969776 0.825287 9.9991E-005 0.0275386 0.0427376 0.00735919
9.9973E-005 0.97498 9.9973E-005 0.00901154 9.9973E-005 0.0157088
9.996E-005 0.9995 9.996E-005 9.996E-005 9.996E-005 9.996E-005
9.996E-005 0.9995 9.996E-005 9.996E-005 9.996E-005 9.996E-005
9.9964E-005 0.990929 9.9964E-005 9.9964E-005 9.9964E-005 0.00867117
0.00769702 0.926564 9.9991E-005 0.0339338 0.0179982 0.0137071
9.996E-005 0.9995 9.996E-005 9.996E-005 9.996E-005 9.996E-005
9.99639E-005 0.971846 9.99639E-005 0.0277538 9.99639E-005 9.99639E-005
9.996E-005 0.9995 9.996E-005 9.996E-005 9.996E-005 9.996E-005
0.015992 0.983608 9.9964E-005 9.9964E-005 9.9964E-005 9.9964E-005
