9.9973E-005 0.964316 9.9973E-005 0.00652949 9.9973E-005 0.0288545
9.9973E-005 0.872593 9.9973E-005 0.0790441 9.9973E-005 0.0480632
0.00957476 0.603937 0.229139 0.0115408 0.145709 9.9991E-005
0.00284577 0.878205 0.11865 9.9973E-005 9.9973E-005 9.9973E-005
9.99639E-005 0.896443 0.103157 9.99639E-005 9.99639E-005 9.99639E-005
0.00138952 0.836256 0.00923577 0.0240698 0.115416 0.0136333
9.9964E-005 0.965966 9.9964E-005 0.0336346 9.9964E-005 9.9964E-005
9.9991E-005 0.60484 0.125108 0.0311534 0.139888 0.0989108
0.0288174 0.784114 0.118022 0.00762236 0.00237505 0.0590493
0.00204572 0.803738 0.145048 0.0489684 9.9982E-005 9.9982E-005
0.0175243 0.817786 0.0219136 0.0861122 0.0565638 9.9991E-005
0.97351 9.9982E-005 0.00810826 9.9982E-005 0.0142271 0.00395495
0.9995 9.996E-005 9.996E-005 9.996E-005 9.996E-005 9.996E-005
0.925071 9.9982E-005 9.9982E-005 0.0336964 0.00308055 0.0379522
0.96544 0.00314257 0.00620726 0.0118339 0.0132762 9.9991E-005
0.9995 9.996E-005 9.996E-005 9.996E-005 9.996E-005 9.996E-005
0.72417 0.0648142 0.0921111 0.0139877 0.0638014 0.0411154
0.9995 9.996E-005 9.996E-005 9.996E-005 9.996E-005 9.996E-005
0.9995 9.996E-005 9.996E-005 9.996E-005 9.996E-005 9.996E-005
9.9964E-005 0.172417 0.827183 9.9964E-005 9.9964E-005 9.9964E-005
0.0209948 0.223208 0.72933 9.9982E-005 9.9982E-005 0.0262667
0.00455111 0.178175 0.790311 9.9982E-005 0.0267629 9.9982E-005
9.999E-005 0.199025 0.636946 0.113978 0.0400691 0.00988155
0.0264221 0.00753063 0.611731 0.188176 0.0521372 0.114003
9.9982E-005 0.394059 0.539254 9.9982E-005 0.0247527 0.0417336
9.996E-005 9.996E-005 9.996E-005 9.996E-005 9.996E-005 0.9995
0.00576888 0.0249288 0.109904 0.0270053 9.9991E-005 0.832294
9.9964E-005 9.9964E-005 0.00685966 9.9964E-005 9.9964E-005 0.99274
0.0319289 9.9982E-005 0.0904942 9.9982E-005 0.0375473 0.83983
9.9964E-005 0.961631 9.9964E-005 9.9964E-005 9.9964E-005 0.0379691
0.00583849 9.9973E-005 9.9973E-005 9.9973E-005 0.00560979 0.988252
9.996E-005 9.996E-005 9.996E-005 9.996E-005 9.996E-005 0.9995
9.9973E-005 9.9973E-005 9.9973E-005 0.0173825 0.030594 0.951724
9.9973E-005 9.9973E-005 0.102139 0.0224066 9.9973E-005 0.875154
9.9964E-005 0.0539388 9.9964E-005 9.9964E-005 9.9964E-005 0.945661
9.9973E-005 0.447706 9.9973E-005 9.9973E-005 0.0373242 0.51467
0.00300196 0.141469 9.9973E-005 9.9973E-005 0.855229 9.9973E-005
9.9964E-005 9.9964E-005 9.9964E-005 9.9964E-005 0.949933 0.0496669
9.9964E-005 9.9964E-005 0.0808639 9.9964E-005 0.918736 9.9964E-005
9.9982E-005 0.0157247 0.132086 0.0670783 0.784911 9.9982E-005
0.0142929 0.217926 9.9982E-005 0.096997 0.670584 9.9982E-005
9.9991E-005 0.1853 0.0479565 0.0148265 0.739477 0.0123401
9.9973E-005 9.9973E-005 9.9973E-005 0.0104739 0.94366 0.0455666
9.9973E-005 0.179317 0.0326059 9.9973E-005 0.787777 9.9973E-005
0.0213311 0.290867 0.00972249 9.9982E-005 0.677879 9.9982E-005
9.9982E-005 0.384633 0.00802009 0.0501837 0.556964 9.9982E-005
9.9964E-005 9.9964E-005 9.9964E-005 9.9964E-005 0.996862 0.00273797
0.0206865 0.381066 0.268931 0.167572 0.0280865 0.133657
0.0289143 0.148175 0.167431 0.59719 0.0148943 0.0433951
9.996E-005 9.996E-005 9.996E-005 0.9995 9.996E-005 9.996E-005
9.9982E-005 0.151125 0.157633 0.649209 9.9982E-005 0.0418327
9.996E-005 9.996E-005 9.996E-005 0.9995 9.996E-005 9.996E-005
9.996E-005 9.996E-005 9.996E-005 0.9995 9.996E-005 9.996E-005
9.996E-005 9.996E-005 9.996E-005 0.9995 9.996E-005 9.996E-005
0.010493 0.156502 9.9991E-005 0.780177 0.00642199 0.0463052
9.9991E-005 0.124317 0.153077 0.665452 0.0292023 0.0278514
9.996E-005 9.996E-005 0.9995 9.996E-005 9.996E-005 9.996E-005
0.0124435 9.9991E-005 0.815587 0.042262 0.0842674 0.0453405
0.0164865 0.000147759 0.983066 9.9973E-005 9.9973E-005 9.9973E-005
9.996E-005 9.996E-005 0.9995 9.996E-005 9.996E-005 9.996E-005
9.996E-005 9.996E-005 0.9995 9.996E-005 9.996E-005 9.996E-005
0.00819856 9.9964E-005 0.991402 9.9964E-005 9.9964E-005 9.9964E-005
0.00811615 9.9991E-005 0.915719 0.0502671 0.010119 0.0156793
9.996E-005 9.996E-005 0.9995 9.996E-005 9.996E-005 9.996E-005
9.99639E-005 9.99639E-005 0.961026 0.0385741 9.99639E-005 9.99639E-005
9.996E-005 9.996E-005 0.9995 9.996E-005 9.996E-005 9.996E-005
9.9982E-005 9.9982E-005 0.984628 0.00141068 0.00703946 0.00672153
