9.9982E-005 0.130459 0.869341 9.9982E-005
9.9982E-005 0.143919 0.855881 9.9982E-005
0.0145742 0.029172 0.728954 0.2273
0.0167574 0.0324581 0.849222 0.101562
0.0152981 0.0926884 0.835047 0.0569661
9.9982E-005 0.100485 0.899316 9.9982E-005
9.9982E-005 0.117176 0.882624 9.9982E-005
9.999E-005 0.170159 0.707739 0.122002
0.0190539 0.163425 0.747599 0.0699218
9.999E-005 0.0763475 0.767585 0.155968
0.0146983 0.0792357 0.889318 0.0167476
0.96966 0.00306213 0.0271777 9.9991E-005
0.9997 9.998E-005 9.998E-005 9.998E-005
0.923462 0.018721 0.0251945 0.032622
0.965307 9.9991E-005 0.0167077 0.0178854
0.9997 9.998E-005 9.998E-005 9.998E-005
0.727522 0.0661717 0.109473 0.0968337
0.9997 9.998E-005 9.998E-005 9.998E-005
0.9997 9.998E-005 9.998E-005 9.998E-005
9.9991E-005 0.0014717 0.1534 0.845028
0.0151792 0.0766159 0.158542 0.749663
0.00841715 0.00146767 0.194099 0.796016
0.00722087 0.0389196 0.275986 0.677873
0.0272296 0.130587 0.118111 0.724072
9.9991E-005 0.0842099 0.38326 0.53243
9.998E-005 0.9997 9.998E-005 9.998E-005
0.00593593 0.862185 0.0150191 0.11686
9.9982E-005 0.998149 9.9982E-005 0.00165123
0.0378664 0.853859 9.9991E-005 0.108174
9.9982E-005 0.114582 0.885218 9.9982E-005
0.00420167 0.995598 9.9982E-005 9.9982E-005
9.998E-005 0.9997 9.998E-005 9.998E-005
0.00732892 0.96872 9.9991E-005 0.0238508
9.9982E-005 0.882255 9.9982E-005 0.117545
0.00033137 0.989425 0.00267609 0.00756729
9.9982E-005 0.535115 0.464685 9.9982E-005
0.0181432 9.9991E-005 0.978263 0.00349365
0.0131369 0.0160937 0.868462 0.102308
0.0117633 9.9991E-005 0.779307 0.208829
0.00583424 9.9991E-005 0.744618 0.249448
0.0168567 9.9991E-005 0.89554 0.0875028
9.9982E-005 9.9982E-005 0.858313 0.141488
0.0128289 9.9991E-005 0.885975 0.101097
9.9982E-005 9.9982E-005 0.888775 0.111026
0.030224 9.9991E-005 0.896501 0.0731755
9.9982E-005 9.9982E-005 0.94045 0.0593503
0.0178502 9.9991E-005 0.90117 0.0808796
0.0126698 0.213031 0.464057 0.310242
0.0153685 0.106484 0.458578 0.41957
0.000525811 0.128178 0.456107 0.415189
9.9991E-005 0.142286 0.44546 0.412154
9.9991E-005 0.106333 0.455779 0.437788
9.9991E-005 0.111309 0.446473 0.442119
9.9991E-005 0.115226 0.464754 0.41992
0.0067422 0.168239 0.53923 0.285789
9.9991E-005 0.133888 0.445378 0.420634
9.998E-005 9.998E-005 9.998E-005 0.9997
0.0141601 0.0545303 0.0699089 0.861401
0.0123287 9.9982E-005 9.9982E-005 0.987471
9.998E-005 9.998E-005 9.998E-005 0.9997
9.998E-005 9.998E-005 9.998E-005 0.9997
0.00982275 9.9982E-005 9.9982E-005 0.989977
0.0141504 0.0318492 9.9991E-005 0.9539
9.998E-005 9.998E-005 9.998E-005 0.9997
9.998E-005 9.998E-005 9.998E-005 0.9997
9.998E-005 9.998E-005 9.998E-005 0.9997
9.998E-005 9.998E-005 9.998E-005 0.9997
