9.9982E-005 0.136772 0.863028 9.9982E-005
9.9982E-005 0.148998 0.850802 9.9982E-005
0.225834 0.0270539 0.728763 0.0183496
0.103729 0.0443923 0.832112 0.019767
0.0723376 0.0856599 0.837313 0.00468996
9.9982E-005 0.0987434 0.901057 9.9982E-005
9.9982E-005 0.119165 0.880636 9.9982E-005
0.125638 0.147557 0.726705 9.9991E-005
0.101658 0.130315 0.749995 0.0180319
0.13931 0.0631348 0.797455 9.9991E-005
9.9991E-005 0.104782 0.883775 0.0113428
9.999E-005 0.00830025 0.0141445 0.977455
9.998E-005 9.998E-005 9.998E-005 0.9997
0.017966 0.0439051 0.00681174 0.931317
0.018199 9.9991E-005 0.0207182 0.960983
9.998E-005 9.998E-005 9.998E-005 0.9997
0.101608 0.0343794 0.129012 0.735001
9.998E-005 9.998E-005 9.998E-005 0.9997
9.998E-005 9.998E-005 9.998E-005 0.9997
0.814969 0.0419012 0.14303 9.9991E-005
0.723873 0.0916657 0.168298 0.0161635
0.768967 0.0229025 0.199867 0.00826367
0.688467 0.0350771 0.269052 0.00740403
0.72605 0.129946 0.121935 0.022069
0.526768 0.0832036 0.389928 9.9991E-005
9.998E-005 0.9997 9.998E-005 9.998E-005
0.127772 0.865213 9.9991E-005 0.00691499
0.00792099 0.991879 9.9982E-005 9.9982E-005
0.107719 0.862074 9.9991E-005 0.0301063
9.9982E-005 0.140558 0.859242 9.9982E-005
0.00966356 0.984481 9.9991E-005 0.00575525
9.9982E-005 0.996747 9.9982E-005 0.00305318
0.0158169 0.983983 9.9982E-005 9.9982E-005
0.124756 0.875044 9.9982E-005 9.9982E-005
9.9991E-005 0.987114 0.0104912 0.00229521
9.9982E-005 0.563665 0.436135 9.9982E-005
0.00809716 9.9991E-005 0.975922 0.0158807
0.117022 0.0167568 0.848429 0.0177922
0.202248 9.9991E-005 0.783635 0.0140169
0.260086 9.9991E-005 0.736826 0.002988
0.0706848 9.9991E-005 0.901226 0.0279888
0.132633 9.99879E-005 0.867167 9.99879E-005
0.111112 9.9991E-005 0.8746 0.014188
0.119442 9.9982E-005 0.880358 9.9982E-005
0.070052 9.9991E-005 0.894945 0.0349032
0.0660505 9.9982E-005 0.93375 9.9982E-005
0.0834651 9.9991E-005 0.90421 0.0122249
0.325132 0.217444 0.448307 0.0091169
0.396299 0.128948 0.45938 0.0153735
0.400228 0.155059 0.440966 0.00374689
0.412335 0.158646 0.42892 9.9991E-005
0.429615 0.131782 0.437252 0.00135035
0.438548 0.110228 0.451124 9.9991E-005
0.419594 0.137006 0.443299 9.9991E-005
0.276145 0.196558 0.519539 0.00775825
0.410416 0.127674 0.46181 9.9991E-005
0.9997 9.998E-005 9.998E-005 9.998E-005
0.858607 0.055184 0.0715115 0.0146972
0.983697 0.0031984 9.9991E-005 0.0130045
0.9997 9.998E-005 9.998E-005 9.998E-005
0.9997 9.998E-005 9.998E-005 9.998E-005
0.990553 9.9982E-005 9.9982E-005 0.00924738
0.954944 0.0255097 9.9991E-005 0.0194463
0.9997 9.998E-005 9.998E-005 9.998E-005
0.9997 9.998E-005 9.998E-005 9.998E-005
0.9997 9.998E-005 9.998E-005 9.998E-005
0.999447 0.000353071 9.9982E-005 9.9982E-005
