9.999E-005 0.9998 9.999E-005
9.999E-005 0.996797 0.003103
0.22337 0.756217 0.0204133
0.100257 0.874931 0.0248124
0.0757802 0.905601 0.018619
9.999E-005 0.998957 0.00094307
9.999E-005 0.9998 9.999E-005
0.172838 0.827062 9.9991E-005
0.110623 0.868176 0.0212015
0.147445 0.848825 0.0037304
0.0242643 0.956589 0.0191465
0.00988113 0.0192897 0.970829
9.999E-005 9.999E-005 0.9998
0.0342143 0.0292984 0.936487
0.0202474 0.00727238 0.97248
9.999E-005 9.999E-005 0.9998
0.112914 0.160165 0.726922
9.999E-005 9.999E-005 0.9998
9.999E-005 9.999E-005 0.9998
0.835583 0.164317 9.9991E-005
0.767337 0.214987 0.0176762
0.799689 0.189576 0.0107357
0.705973 0.287411 0.00661622
0.765144 0.202856 0.0319999
0.554685 0.444507 0.0008081
0.342151 0.657749 9.9991E-005
0.404611 0.595289 9.9991E-005
0.365295 0.634605 9.9991E-005
0.410089 0.581285 0.00862576
9.999E-005 0.9998 9.999E-005
0.345611 0.65429 9.9991E-005
0.304263 0.695637 9.9991E-005
0.343322 0.656578 9.9991E-005
0.445691 0.554209 9.9991E-005
0.322996 0.676904 9.9991E-005
0.093552 0.904741 0.00170692
0.0121933 0.955797 0.0320094
0.116195 0.855813 0.027992
0.22685 0.743439 0.0297111
0.253537 0.732205 0.0142587
0.0877129 0.870419 0.0418685
0.140437 0.851662 0.0079008
0.101339 0.876407 0.0222537
0.118049 0.881851 9.9991E-005
0.0849375 0.873957 0.0411057
0.0686533 0.926962 0.0043846
0.105831 0.872428 0.0217405
0.375165 0.615565 0.00926945
0.436851 0.541413 0.0217364
0.439777 0.55396 0.00626253
0.449933 0.549967 9.9991E-005
0.459032 0.539851 0.00111787
0.469007 0.530893 9.9991E-005
0.439441 0.560459 9.9991E-005
0.335105 0.651443 0.013452
0.461369 0.538531 9.9991E-005
0.9998 9.999E-005 9.999E-005
0.89484 0.0866621 0.018498
0.980983 9.9991E-005 0.0189173
0.9998 9.999E-005 9.999E-005
0.9998 9.999E-005 9.999E-005
0.995266 9.9991E-005 0.00463385
0.977645 0.00130841 0.0210467
0.9998 9.999E-005 9.999E-005
0.9998 9.999E-005 9.999E-005
0.9998 9.999E-005 9.999E-005
0.9998 9.999E-005 9.999E-005
