9.9973E-005 0.122408 0.152255 9.9973E-005 0.725037 9.9973E-005
9.9973E-005 0.155833 0.133827 9.9973E-005 0.71004 9.9973E-005
0.303132 0.0935988 0.0188399 0.0130755 0.571254 9.9991E-005
0.126617 0.0393955 0.033504 0.0175273 0.750588 0.0323676
0.0791471 0.0740569 0.0898418 0.0118123 0.735734 0.00940787
9.9973E-005 0.087864 0.112079 9.9973E-005 0.799757 9.9973E-005
9.9973E-005 0.122767 0.133209 9.9973E-005 0.743724 9.9973E-005
0.149417 0.0937544 0.140715 9.9991E-005 0.606415 0.00959813
0.111135 0.120088 0.133567 0.0136013 0.621508 9.9991E-005
0.194945 0.156722 0.0444612 9.9982E-005 0.603672 9.9982E-005
0.0383962 0.169594 0.058527 0.0113715 0.722011 9.9991E-005
9.99777E-005 0.0161204 9.99777E-005 0.968002 0.0155777 9.99777E-005
9.996E-005 9.996E-005 9.996E-005 0.9995 9.996E-005 9.996E-005
0.0235258 0.023174 0.0234761 0.92478 0.00494398 9.9991E-005
0.0075969 0.00315696 9.9991E-005 0.963167 0.0113849 0.0145944
9.996E-005 9.996E-005 9.996E-005 0.9995 9.996E-005 9.996E-005
0.0510604 0.0354989 0.0635764 0.722271 0.0807403 0.0468532
9.996E-005 9.996E-005 9.996E-005 0.9995 9.996E-005 9.996E-005
9.996E-005 9.996E-005 9.996E-005 0.9995 9.996E-005 9.996E-005
0.994345 9.99639E-005 9.99639E-005 9.99639E-005 9.99639E-005 0.00525483
0.977947 9.9973E-005 0.0172938 0.00445905 9.9973E-005 9.9973E-005
0.9995 9.996E-005 9.996E-005 9.996E-005 9.996E-005 9.996E-005
0.00967367 0.131567 0.027593 0.00510109 0.210679 0.615386
0.226082 0.161646 0.119729 0.0302933 0.00539391 0.456856
0.485461 0.0464395 0.0775023 0.00197639 0.239519 0.149101
9.996E-005 9.996E-005 0.9995 9.996E-005 9.996E-005 9.996E-005
0.000294623 0.0175517 0.849686 0.00485582 0.0120955 0.115516
9.9964E-005 9.9964E-005 0.987196 9.9964E-005 9.9964E-005 0.012404
0.0519096 9.9991E-005 0.832469 0.03127 0.00410132 0.0801502
9.9973E-005 0.0683455 0.139209 9.9973E-005 0.792146 9.9973E-005
9.9973E-005 9.9973E-005 0.986304 0.00426516 9.9973E-005 0.00913065
9.996E-005 9.996E-005 0.9995 9.996E-005 9.996E-005 9.996E-005
0.0395324 9.9973E-005 0.958069 0.00209894 9.9973E-005 9.9973E-005
9.9964E-005 9.9964E-005 0.875366 9.9964E-005 9.9964E-005 0.124234
0.0434967 9.9964E-005 0.956103 9.9964E-005 9.9964E-005 9.9964E-005
9.9973E-005 0.00429579 0.563452 9.9973E-005 0.431952 9.9973E-005
9.9973E-005 9.9973E-005 9.9973E-005 0.0122155 0.941017 0.0464675
9.9982E-005 9.9982E-005 0.0100721 0.0158206 0.831797 0.14211
0.0126546 9.9982E-005 9.9982E-005 0.00559214 0.759836 0.221718
9.9973E-005 0.0259228 9.9973E-005 9.9973E-005 0.712799 0.260978
0.0224478 0.0480598 9.9991E-005 0.0196486 0.829072 0.0806715
9.9964E-005 9.9964E-005 9.9964E-005 9.9964E-005 0.842342 0.157258
9.9973E-005 9.9973E-005 9.9973E-005 0.0137149 0.863836 0.122149
9.9964E-005 9.9964E-005 9.9964E-005 9.9964E-005 0.853969 0.145631
9.99729E-005 9.99729E-005 9.99729E-005 0.0275203 0.863466 0.108714
0.0321154 0.0230895 0.000575859 9.9991E-005 0.873507 0.0706127
9.99731E-005 9.99731E-005 9.99731E-005 0.00533193 0.867114 0.127254
0.205008 0.244382 0.187445 0.0147256 0.266459 0.0819809
0.251088 0.540486 0.0574765 0.0292647 0.119199 0.00248607
9.996E-005 0.9995 9.996E-005 9.996E-005 9.996E-005 9.996E-005
0.271656 0.609565 0.0515621 9.9982E-005 0.0670173 9.9982E-005
9.99639E-005 0.984206 9.99639E-005 9.99639E-005 9.99639E-005 0.0153945
9.996E-005 0.9995 9.996E-005 9.996E-005 9.996E-005 9.996E-005
9.996E-005 0.9995 9.996E-005 9.996E-005 9.996E-005 9.996E-005
0.070259 0.761107 0.0495182 0.0071777 0.111838 9.9991E-005
0.265068 0.594403 0.0471682 9.9982E-005 0.0931606 9.9982E-005
0.0259153 9.9964E-005 9.9964E-005 9.9964E-005 9.9964E-005 0.973685
0.0726939 0.0219735 0.0525001 0.021455 0.0549614 0.776416
0.0716244 9.9982E-005 0.00266635 0.0145429 9.9982E-005 0.910966
9.996E-005 9.996E-005 9.996E-005 9.996E-005 9.996E-005 0.9995
0.0685836 9.9964E-005 9.9964E-005 9.9964E-005 9.9964E-005 0.931017
0.101859 9.9973E-005 9.9973E-005 0.0157771 9.9973E-005 0.882064
0.0677968 0.025383 0.028724 0.0161778 9.9991E-005 0.861818
0.0347179 9.9973E-005 0.0087696 9.9973E-005 9.9973E-005 0.956213
9.99639E-005 0.0209505 9.99639E-005 9.99639E-005 9.99639E-005 0.97865
9.996E-005 9.996E-005 9.996E-005 9.996E-005 9.996E-005 0.9995
9.9964E-005 9.9964E-005 0.0211365 9.9964E-005 9.9964E-005 0.978464
