0.112763 9.9982E-005 0.754996 0.13204 9.9982E-005
0.148325 9.9982E-005 0.717393 0.134082 9.9982E-005
0.0736187 0.0101223 0.671514 0.0225677 0.222177
0.0247002 0.00746995 0.785668 0.0592535 0.122908
0.0655483 0.0159365 0.761393 0.105093 0.0520293
0.083387 9.9982E-005 0.816875 0.0995377 9.9982E-005
0.105972 9.9982E-005 0.780153 0.113675 9.9982E-005
0.102664 9.9991E-005 0.638818 0.141826 0.116592
0.0858519 0.0189057 0.669855 0.159256 0.0661311
0.180731 9.9991E-005 0.663781 0.0787571 0.076631
0.176045 0.00781878 0.753643 0.0623926 9.9991E-005
9.9982E-005 0.975551 0.0201309 9.9982E-005 0.00411774
9.997E-005 0.9996 9.997E-005 9.997E-005 9.997E-005
0.0377024 0.930876 0.00089547 0.0183315 0.0121949
0.0111042 0.966387 0.0133495 9.9991E-005 0.00905977
9.997E-005 0.9996 9.997E-005 9.997E-005 9.997E-005
0.0544639 0.724501 0.0825074 0.0786878 0.0598403
9.997E-005 0.9996 9.997E-005 9.997E-005 9.997E-005
9.997E-005 0.9996 9.997E-005 9.997E-005 9.997E-005
9.9982E-005 9.9982E-005 0.155172 0.0210011 0.823627
9.999E-005 0.0110292 0.151396 0.101325 0.73615
9.999E-005 0.00295694 0.191778 0.0335993 0.771566
0.149058 0.00248973 0.208173 0.0196049 0.620675
0.185191 0.0288857 0.0379407 0.122142 0.62584
0.0369733 9.9991E-005 0.358127 0.085484 0.519316
9.997E-005 9.997E-005 9.997E-005 0.9996 9.997E-005
0.0179543 0.00445486 9.9991E-005 0.874073 0.103418
9.9973E-005 9.9973E-005 9.9973E-005 0.991863 0.00783698
9.9982E-005 0.028471 9.9982E-005 0.861662 0.109667
0.0485831 9.9982E-005 0.812195 0.139022 9.9982E-005
9.9982E-005 0.00409522 9.9982E-005 0.986938 0.00876651
9.9973E-005 0.00223719 9.9973E-005 0.997463 9.9973E-005
0.00435003 0.00784375 0.000908036 0.956317 0.030581
0.00512085 9.9982E-005 9.9982E-005 0.874274 0.120405
0.00291044 9.9991E-005 0.0166801 0.976278 0.00403122
0.00227174 9.9982E-005 0.435713 0.561816 9.9982E-005
9.9982E-005 0.0146269 0.951795 9.9982E-005 0.0333785
9.9991E-005 0.0205273 0.825558 0.0177337 0.136081
9.9982E-005 0.000237608 0.777711 9.9982E-005 0.221851
0.00880066 0.00453587 0.731123 9.9991E-005 0.25544
0.0688664 0.0223122 0.821375 9.9991E-005 0.0873468
9.9973E-005 9.9973E-005 0.849264 9.9973E-005 0.150437
9.9982E-005 0.00949259 0.870754 9.9982E-005 0.119553
9.9973E-005 9.9973E-005 0.875935 9.9973E-005 0.123765
9.9991E-005 0.0244906 0.870386 0.000477408 0.104546
0.0332168 9.9982E-005 0.88492 9.9982E-005 0.0816633
9.9982E-005 0.0072886 0.889285 9.9982E-005 0.103226
0.251053 0.0127087 0.326594 0.189134 0.22051
0.574814 0.0219728 0.193762 0.0409788 0.168472
0.9996 9.997E-005 9.997E-005 9.997E-005 9.997E-005
0.625239 9.9991E-005 0.145776 0.0610281 0.167858
0.9996 9.997E-005 9.997E-005 9.997E-005 9.997E-005
0.9996 9.997E-005 9.997E-005 9.997E-005 9.997E-005
0.9996 9.997E-005 9.997E-005 9.997E-005 9.997E-005
0.781651 0.0107059 0.121656 0.0858876 9.9991E-005
0.65149 9.9991E-005 0.144193 0.0487461 0.155471
9.9973E-005 0.000142829 9.9973E-005 9.9973E-005 0.999557
0.0398591 0.0116843 0.0629383 0.0553208 0.830198
0.0164893 0.0115624 9.9982E-005 9.9982E-005 0.971748
9.997E-005 9.997E-005 9.997E-005 9.997E-005 0.9996
9.997E-005 9.997E-005 9.997E-005 9.997E-005 0.9996
9.9973E-005 0.00947688 9.9973E-005 9.9973E-005 0.990223
0.0504891 0.00527761 9.9991E-005 0.00636215 0.937771
9.997E-005 9.997E-005 9.997E-005 9.997E-005 0.9996
0.0321964 9.9973E-005 9.9973E-005 9.9973E-005 0.967504
9.997E-005 9.997E-005 9.997E-005 9.997E-005 0.9996
9.9973E-005 9.9973E-005 9.9973E-005 0.00584704 0.993853
