9.999E-005 0.9998 9.999E-005
9.999E-005 0.998387 0.00151305
0.242887 0.736156 0.0209568
0.103164 0.878412 0.0184234
0.0910254 0.893197 0.0157773
9.999E-005 0.999335 0.000564692
9.999E-005 0.9998 9.999E-005
0.176734 0.823166 9.9991E-005
0.109503 0.872568 0.0179285
0.144216 0.855684 9.9991E-005
0.0285893 0.953006 0.0184043
0.00525063 0.0204307 0.974319
9.999E-005 9.999E-005 0.9998
0.0335963 0.0345388 0.931865
0.0138779 0.0144037 0.971718
9.999E-005 9.999E-005 0.9998
0.117505 0.151598 0.730897
9.999E-005 9.999E-005 0.9998
9.999E-005 9.999E-005 0.9998
0.836143 0.163757 9.9991E-005
0.766181 0.219474 0.0143448
0.795586 0.194648 0.00976564
0.693153 0.296266 0.0105808
0.772936 0.200844 0.0262202
0.555498 0.443384 0.00111761
0.351022 0.648878 9.9991E-005
0.406713 0.593187 9.9991E-005
0.347034 0.652866 9.9991E-005
0.393927 0.597051 0.00902129
9.999E-005 0.9998 9.999E-005
0.335751 0.664149 9.9991E-005
0.289719 0.710181 9.9991E-005
0.339253 0.660647 9.9991E-005
0.437695 0.562205 9.9991E-005
0.320026 0.679874 9.9991E-005
0.0923885 0.902618 0.00499369
0.023274 0.94842 0.0283055
0.12774 0.842019 0.030241
0.231896 0.73617 0.0319345
0.267928 0.716747 0.0153251
0.090568 0.875967 0.0334647
0.157764 0.837642 0.00459387
0.0904833 0.888937 0.0205796
0.119141 0.880759 9.9991E-005
0.0723606 0.884354 0.0432852
0.0608861 0.934518 0.00459603
0.0945573 0.877456 0.0279867
0.386019 0.597728 0.0162534
0.437301 0.539913 0.0227865
0.442296 0.553422 0.00428158
0.455742 0.544158 9.9991E-005
0.459701 0.539507 0.000792036
0.478941 0.520959 9.9991E-005
0.453825 0.546075 9.9991E-005
0.341339 0.647662 0.0109994
0.458427 0.541473 9.9991E-005
0.9998 9.999E-005 9.999E-005
0.892941 0.0861866 0.0208728
0.992862 9.9991E-005 0.0070377
0.9998 9.999E-005 9.999E-005
0.9998 9.999E-005 9.999E-005
0.996652 9.9991E-005 0.00324794
0.986185 9.9991E-005 0.0137149
0.9998 9.999E-005 9.999E-005
0.9998 9.999E-005 9.999E-005
0.9998 9.999E-005 9.999E-005
0.9998 9.999E-005 9.999E-005
