9.9982E-005 0.156697 0.843103 9.9982E-005
9.9982E-005 0.159223 0.840577 9.9982E-005
0.217084 0.047789 0.722149 0.0129781
0.115118 0.0509898 0.817938 0.0159543
0.0597701 0.119452 0.811878 0.00889989
9.9982E-005 0.0952164 0.904584 9.9982E-005
9.9982E-005 0.131283 0.868517 9.9982E-005
0.127217 0.147343 0.72534 9.9991E-005
0.0826681 0.155954 0.741813 0.0195646
0.137724 0.0761883 0.783882 0.00220611
0.00777991 0.102734 0.872991 0.0164955
0.00323882 0.00455249 0.0155409 0.976668
9.998E-005 9.998E-005 9.998E-005 0.9997
0.0293836 0.0352837 0.00758895 0.927744
0.0192639 9.9991E-005 0.0144786 0.966158
9.998E-005 9.998E-005 9.998E-005 0.9997
0.0974098 0.0597573 0.12079 0.722043
9.998E-005 9.998E-005 9.998E-005 0.9997
9.998E-005 9.998E-005 9.998E-005 0.9997
0.822531 0.0283939 0.148975 9.9991E-005
0.741743 0.0756942 0.164964 0.017599
0.779034 0.0388342 0.174469 0.00766257
0.695426 0.0308774 0.266727 0.00696938
0.706805 0.146246 0.113842 0.0331076
0.522018 0.107852 0.37003 9.9991E-005
9.998E-005 0.9997 9.998E-005 9.998E-005
0.121906 0.84616 0.0196942 0.0122401
0.00407346 0.995727 9.9982E-005 9.9982E-005
0.122689 0.848539 9.9991E-005 0.0286726
9.9982E-005 0.117739 0.882061 9.9982E-005
0.00847664 0.987191 9.9991E-005 0.0042324
9.9982E-005 0.999258 9.9982E-005 0.000542192
0.0196523 0.974919 9.9991E-005 0.00532833
0.114653 0.885147 9.9982E-005 9.9982E-005
0.0043892 0.990953 0.00455815 9.9991E-005
9.9982E-005 0.551804 0.447996 9.9982E-005
0.00276756 9.9991E-005 0.975729 0.0214039
0.103595 0.0206842 0.861593 0.0141279
0.210824 9.9991E-005 0.782412 0.00666433
0.240475 9.9991E-005 0.751577 0.00784825
0.0764769 9.9991E-005 0.902112 0.0213114
0.138797 9.9982E-005 0.861003 9.9982E-005
0.0944235 9.9991E-005 0.891851 0.0136258
0.104052 9.9982E-005 0.895748 9.9982E-005
0.0769655 9.9991E-005 0.896055 0.0268794
0.0796518 9.9982E-005 0.920148 9.9982E-005
0.097532 9.9991E-005 0.889186 0.0131816
0.320664 0.208818 0.459192 0.0113263
0.421812 0.112471 0.443814 0.0219027
0.404409 0.136349 0.45805 0.00119179
0.41597 0.139999 0.443931 9.9991E-005
0.432652 0.120379 0.443788 0.00318057
0.433891 0.130894 0.435115 9.9991E-005
0.427213 0.1185 0.454186 9.9991E-005
0.27497 0.191619 0.523243 0.0101678
0.422805 0.133831 0.443264 9.9991E-005
0.9997 9.998E-005 9.998E-005 9.998E-005
0.857534 0.0649583 0.0595181 0.0179891
0.98723 9.9982E-005 9.9982E-005 0.0125696
0.9997 9.998E-005 9.998E-005 9.998E-005
0.9997 9.998E-005 9.998E-005 9.998E-005
0.993042 9.9982E-005 9.9982E-005 0.00675826
0.960909 0.026084 9.9991E-005 0.0129075
0.9997 9.998E-005 9.998E-005 9.998E-005
0.998193 9.9982E-005 9.9982E-005 0.00160741
0.9997 9.998E-005 9.998E-005 9.998E-005
0.9997 9.998E-005 9.998E-005 9.998E-005
