0.11947 9.9982E-005 0.88033 9.9982E-005
0.157161 9.9991E-005 0.840569 0.0021697
0.0905529 0.218932 0.668909 0.0216068
0.0509935 0.104223 0.82081 0.0239734
0.0778515 0.0749989 0.8318 0.0153498
0.0779564 9.9982E-005 0.921844 9.9982E-005
0.127125 9.9982E-005 0.872675 9.9982E-005
0.108408 0.143346 0.748146 9.9991E-005
0.103469 0.0962667 0.785601 0.0146637
0.174558 0.0924269 0.729992 0.00302358
0.178854 9.9991E-005 0.809188 0.0118583
0.00192123 0.001613 0.0257417 0.970724
9.998E-005 9.998E-005 9.998E-005 0.9997
0.0351922 0.0189783 0.0155697 0.93026
0.00563891 0.0142362 0.0117399 0.968385
9.998E-005 9.998E-005 9.998E-005 0.9997
0.046161 0.0990142 0.127742 0.727082
9.998E-005 9.998E-005 9.998E-005 0.9997
9.998E-005 9.998E-005 9.998E-005 0.9997
9.9982E-005 0.833581 0.166219 9.9982E-005
9.9991E-005 0.775308 0.214577 0.0100147
9.9991E-005 0.798168 0.192697 0.00903571
0.135457 0.641929 0.21129 0.0113235
0.162788 0.691282 0.112937 0.0329933
0.0428817 0.547782 0.409237 9.9991E-005
0.00953783 0.371844 0.618519 9.9991E-005
0.046152 0.407058 0.54669 9.9991E-005
0.017379 0.367343 0.615178 9.9991E-005
9.9991E-005 0.415673 0.579206 0.00502047
0.0505619 9.9982E-005 0.949238 9.9982E-005
0.0283768 0.340657 0.630866 9.9991E-005
0.0153042 0.306135 0.678461 9.9991E-005
0.0419957 0.340503 0.617401 9.9991E-005
0.0608339 0.429106 0.50996 9.9991E-005
0.0184452 0.325764 0.655691 9.9991E-005
0.0765529 0.0746315 0.848716 9.9991E-005
9.9991E-005 0.0236974 0.94876 0.027443
9.9991E-005 0.132546 0.845111 0.0222433
9.9991E-005 0.226672 0.744161 0.0290674
0.0170123 0.263632 0.703798 0.015558
0.091547 0.0664158 0.810475 0.031562
9.9991E-005 0.150936 0.842067 0.00689752
9.9991E-005 0.0967099 0.877788 0.025402
9.9982E-005 0.121314 0.878486 9.9982E-005
9.9991E-005 0.0874999 0.870129 0.042271
0.0239807 0.0705261 0.901471 0.00402197
9.9991E-005 0.102529 0.876415 0.0209558
0.24997 0.289106 0.448006 0.0129177
0.572482 0.209606 0.198422 0.0194903
0.9997 9.998E-005 9.998E-005 9.998E-005
0.646588 0.186205 0.167107 9.9991E-005
0.9997 9.998E-005 9.998E-005 9.998E-005
0.9997 9.998E-005 9.998E-005 9.998E-005
0.9997 9.998E-005 9.998E-005 9.998E-005
0.806418 9.9991E-005 0.175466 0.0180154
0.649758 0.171908 0.178234 9.9991E-005
9.998E-005 0.9997 9.998E-005 9.998E-005
0.0338976 0.868866 0.0771167 0.0201201
9.9982E-005 0.98527 9.9982E-005 0.0145297
9.998E-005 0.9997 9.998E-005 9.998E-005
9.998E-005 0.9997 9.998E-005 9.998E-005
9.9982E-005 0.991628 9.9982E-005 0.00817238
0.0230561 0.964167 9.9991E-005 0.0126766
9.998E-005 0.9997 9.998E-005 9.998E-005
0.0133568 0.986443 9.9982E-005 9.9982E-005
9.998E-005 0.9997 9.998E-005 9.998E-005
9.998E-005 0.9997 9.998E-005 9.998E-005
