0.843425 0.156375 9.9982E-005 9.9982E-005
0.831724 0.168076 9.9982E-005 9.9982E-005
0.72963 0.029632 0.226631 0.0141064
0.831513 0.0520359 0.105187 0.0112642
0.818614 0.113062 0.0573119 0.0110123
0.891421 0.108379 9.9982E-005 9.9982E-005
0.859047 0.140753 9.9982E-005 9.9982E-005
0.726439 0.150166 0.123295 9.9991E-005
0.729041 0.163528 0.0812964 0.0261341
0.77759 0.0900691 0.132241 9.9991E-005
0.885646 0.100491 9.9991E-005 0.0137634
0.0146938 0.0032943 0.00440938 0.977603
9.998E-005 9.998E-005 9.998E-005 0.9997
0.00239795 0.03238 0.0390242 0.926198
0.0197873 9.9991E-005 0.0109046 0.969208
9.998E-005 9.998E-005 9.998E-005 0.9997
0.112286 0.0728533 0.0911377 0.723723
9.998E-005 9.998E-005 9.998E-005 0.9997
9.998E-005 9.998E-005 9.998E-005 0.9997
0.1587 0.0174375 0.823762 9.9991E-005
0.169788 0.0854664 0.728139 0.0166062
0.18922 0.028934 0.772964 0.00888203
0.246852 0.0610098 0.687374 0.00476471
0.0889463 0.171087 0.713535 0.0264325
0.391901 0.100085 0.507914 9.9991E-005
9.998E-005 0.9997 9.998E-005 9.998E-005
0.00139015 0.869986 0.119818 0.00880624
9.9982E-005 0.985662 0.0141383 9.9982E-005
9.9991E-005 0.858442 0.110433 0.0310247
0.859186 0.140614 9.9982E-005 9.9982E-005
9.9991E-005 0.982302 0.0093302 0.00826803
9.998E-005 0.9997 9.998E-005 9.998E-005
9.9991E-005 0.977342 0.0222119 0.000346025
9.9982E-005 0.886858 0.112942 9.9982E-005
0.0195295 0.972101 0.00826933 9.9991E-005
0.445443 0.554357 9.9982E-005 9.9982E-005
0.977727 9.9991E-005 0.00816225 0.0140104
0.860547 0.0238032 0.102061 0.0135892
0.788816 9.9991E-005 0.201928 0.00915592
0.750162 9.9982E-005 0.249638 9.9982E-005
0.895506 9.9991E-005 0.0797937 0.0246004
0.856565 9.9982E-005 0.143235 9.9982E-005
0.881538 9.9991E-005 0.113252 0.0051104
0.886383 9.9982E-005 0.113417 9.9982E-005
0.897114 9.9991E-005 0.0723405 0.0304458
0.917398 0.0096115 0.0728908 9.9991E-005
0.897961 9.9991E-005 0.0872902 0.0146489
0.446861 0.230318 0.316257 0.00656389
0.443011 0.153729 0.38865 0.0146104
0.433814 0.17467 0.391416 9.9991E-005
0.424921 0.174483 0.400496 9.9991E-005
0.41107 0.172977 0.412544 0.00340949
0.428386 0.157236 0.414278 9.9991E-005
0.439503 0.159232 0.401165 9.9991E-005
0.513617 0.199842 0.279852 0.00668916
0.432263 0.15506 0.412576 9.9991E-005
9.998E-005 9.998E-005 0.9997 9.998E-005
0.0769955 0.0488495 0.858217 0.0159377
9.9991E-005 0.00183021 0.984959 0.013111
9.998E-005 9.998E-005 0.9997 9.998E-005
9.998E-005 9.998E-005 0.9997 9.998E-005
9.9982E-005 9.9982E-005 0.988253 0.011547
9.9991E-005 0.0311242 0.952741 0.0160351
9.998E-005 9.998E-005 0.9997 9.998E-005
9.998E-005 9.998E-005 0.9997 9.998E-005
9.998E-005 9.998E-005 0.9997 9.998E-005
9.998E-005 9.998E-005 0.9997 9.998E-005
