9.9973E-005 0.969865 9.9973E-005 0.0262874 0.00354795 9.9973E-005
9.9982E-005 0.879558 0.000583524 0.0548658 0.0647926 9.9982E-005
0.146999 0.60427 0.0125062 9.9991E-005 0.0212386 0.214887
9.9973E-005 0.88135 0.00776436 9.9973E-005 9.9973E-005 0.110586
9.9973E-005 0.905874 0.000122107 9.9973E-005 9.9973E-005 0.093704
0.146556 0.840677 0.00325727 9.9991E-005 0.00737811 0.00203166
9.9964E-005 0.98063 9.9964E-005 9.9964E-005 9.9964E-005 0.0189702
0.147046 0.618735 9.9991E-005 0.0737103 0.0298803 0.130528
0.0150044 0.788377 0.0162037 0.0480997 0.0127991 0.119516
9.9973E-005 0.817829 9.9973E-005 9.9973E-005 0.0388878 0.142984
0.0882551 0.807154 0.0173407 9.9991E-005 0.0810193 0.00613109
0.0145841 0.00553681 0.972258 9.9982E-005 9.9982E-005 0.00742073
9.996E-005 9.996E-005 0.9995 9.996E-005 9.996E-005 9.996E-005
0.0228942 9.9982E-005 0.921688 0.0196867 0.0355308 9.9982E-005
0.015927 0.00954331 0.96248 9.9991E-005 0.00167175 0.0102781
9.996E-005 9.996E-005 0.9995 9.996E-005 9.996E-005 9.996E-005
0.0821349 0.0295062 0.726509 0.0497223 0.0559024 0.0562248
9.996E-005 9.996E-005 0.9995 9.996E-005 9.996E-005 9.996E-005
9.996E-005 9.996E-005 0.9995 9.996E-005 9.996E-005 9.996E-005
9.9973E-005 0.18567 9.9973E-005 0.00683622 9.9973E-005 0.807194
9.9982E-005 0.195395 0.010873 0.0599072 9.9982E-005 0.733625
0.0393878 0.178602 0.00985345 0.0141986 9.9991E-005 0.757858
0.0352074 0.204668 0.00823374 9.9991E-005 0.132002 0.619789
0.029652 0.0270648 0.0259155 0.125093 0.168987 0.623288
0.0245255 0.388326 0.0011072 0.0407508 9.9991E-005 0.54519
9.996E-005 9.996E-005 9.996E-005 0.9995 9.996E-005 9.996E-005
9.999E-005 0.012675 0.00730042 0.835905 0.0405304 0.103489
9.996E-005 9.996E-005 9.996E-005 0.9995 9.996E-005 9.996E-005
0.0349742 9.9982E-005 0.025127 0.851173 9.9982E-005 0.0885255
0.0047135 0.945063 9.9973E-005 0.0499232 9.9973E-005 9.9973E-005
0.0175646 9.9973E-005 0.00215723 0.979978 9.9973E-005 9.9973E-005
9.996E-005 9.996E-005 9.996E-005 0.9995 9.996E-005 9.996E-005
0.0347378 9.9973E-005 9.9973E-005 0.9528 0.0121624 9.9973E-005
9.9973E-005 9.9973E-005 9.9973E-005 0.886895 0.0101622 0.102643
9.9964E-005 0.0560817 9.9964E-005 0.943518 9.9964E-005 9.9964E-005
0.0548131 0.445354 9.9973E-005 0.499533 9.9973E-005 9.9973E-005
0.830886 0.168714 9.9964E-005 9.9964E-005 9.9964E-005 9.9964E-005
0.942308 9.9973E-005 0.00264799 0.0547442 9.9973E-005 9.9973E-005
0.913337 9.9964E-005 9.9964E-005 9.9964E-005 9.9964E-005 0.0862628
0.761599 0.0535468 9.9982E-005 9.9982E-005 0.0632074 0.121447
0.674118 0.237003 0.0165569 9.9982E-005 0.0721216 9.9982E-005
0.687295 0.236336 9.9982E-005 0.0125493 9.9982E-005 0.0636195
0.958705 9.9964E-005 9.9964E-005 0.0408956 9.9964E-005 9.9964E-005
0.779962 0.199414 9.9973E-005 9.9973E-005 9.9973E-005 0.0203243
0.680258 0.291285 0.0174486 9.9982E-005 9.9982E-005 0.0108082
0.5904 0.369484 9.9982E-005 0.00881017 0.0311057 9.9982E-005
0.9995 9.996E-005 9.996E-005 9.996E-005 9.996E-005 9.996E-005
0.0437368 0.369788 0.0160084 0.146579 0.169986 0.253901
0.00824248 0.213222 0.0282383 0.0524302 0.505581 0.192286
9.996E-005 9.996E-005 9.996E-005 9.996E-005 0.9995 9.996E-005
9.9982E-005 0.205056 9.9982E-005 0.033538 0.56162 0.199585
9.99639E-005 9.99639E-005 0.000249317 9.99639E-005 0.999351 9.99639E-005
9.996E-005 9.996E-005 9.996E-005 9.996E-005 0.9995 9.996E-005
9.996E-005 9.996E-005 9.996E-005 9.996E-005 0.9995 9.996E-005
0.0102041 0.167194 0.0132092 0.0666691 0.742624 9.9991E-005
0.011609 0.173373 9.9991E-005 0.0390857 0.599935 0.175897
9.9973E-005 0.00266242 9.9973E-005 0.00503213 9.9973E-005 0.992006
0.0849966 9.9991E-005 0.0120018 0.0690081 0.0189359 0.814958
0.00154456 9.9982E-005 0.013766 9.9982E-005 0.0184261 0.966063
9.996E-005 9.996E-005 9.996E-005 9.996E-005 9.996E-005 0.9995
9.996E-005 9.996E-005 9.996E-005 9.996E-005 9.996E-005 0.9995
9.9964E-005 9.9964E-005 0.0136709 9.9964E-005 9.9964E-005 0.985929
0.00511663 9.9991E-005 0.0141585 0.0198751 0.0354399 0.92531
9.996E-005 9.996E-005 9.996E-005 9.996E-005 9.996E-005 0.9995
9.99639E-005 9.99639E-005 9.99639E-005 9.99639E-005 0.0399889 0.959611
9.996E-005 9.996E-005 9.996E-005 9.996E-005 9.996E-005 0.9995
0.00320632 9.9973E-005 9.9973E-005 0.0122642 9.9973E-005 0.98423
