0.969026 0.00623604 9.9973E-005 9.9973E-005 0.0244376 9.9973E-005
0.89055 0.0635907 9.9982E-005 0.00123027 0.0444294 9.9982E-005
0.611395 0.00942126 0.137812 0.0147417 9.9991E-005 0.22653
0.885995 9.9973E-005 9.9973E-005 0.00125096 9.9973E-005 0.112454
0.912916 9.99639E-005 9.99639E-005 9.99639E-005 9.99639E-005 0.0866837
0.801325 0.0227219 0.150815 0.00428392 0.0207538 9.9991E-005
0.967149 0.00789768 9.9982E-005 9.9982E-005 0.0133682 0.0113853
0.613283 0.0447774 0.136424 9.9991E-005 0.07273 0.132685
0.8116 0.00668369 0.00536806 0.0215468 0.0424153 0.112386
0.828603 0.0370192 9.9973E-005 9.9973E-005 9.9973E-005 0.134078
0.816152 0.0883573 0.0791916 0.0154088 9.9991E-005 0.000790209
9.9964E-005 9.9964E-005 0.0258715 0.973729 9.9964E-005 9.9964E-005
9.996E-005 9.996E-005 9.996E-005 0.9995 9.996E-005 9.996E-005
9.9982E-005 0.0289624 0.0166316 0.924754 0.0294522 9.9982E-005
0.00899176 0.00879589 0.00787942 0.967256 9.9991E-005 0.00697646
9.996E-005 9.996E-005 9.996E-005 0.9995 9.996E-005 9.996E-005
0.0661933 0.0266492 0.0487125 0.726887 0.0360303 0.0955279
9.996E-005 9.996E-005 9.996E-005 0.9995 9.996E-005 9.996E-005
9.996E-005 9.996E-005 9.996E-005 0.9995 9.996E-005 9.996E-005
0.18247 9.9964E-005 9.9964E-005 9.9964E-005 9.9964E-005 0.81713
0.229949 9.9982E-005 9.9982E-005 0.00734479 0.0237754 0.738731
0.184286 9.9982E-005 0.026128 0.00446599 9.9982E-005 0.78492
0.213672 0.0932098 0.0395448 0.00474421 0.002469 0.646361
0.0130354 0.183919 0.053659 0.0243578 0.101904 0.623126
0.408872 9.9991E-005 0.0174972 0.0046876 0.0295267 0.539317
9.996E-005 9.996E-005 9.996E-005 9.996E-005 0.9995 9.996E-005
0.0351874 0.0186423 9.9991E-005 0.00516576 0.831093 0.109812
9.996E-005 9.996E-005 9.996E-005 9.996E-005 0.9995 9.996E-005
9.9982E-005 9.9982E-005 0.0211117 0.0276764 0.850552 0.10046
0.938815 9.9973E-005 0.00703979 9.9973E-005 0.0538449 9.9973E-005
9.9982E-005 0.0110183 0.00607022 0.0104531 0.972258 9.9982E-005
9.9964E-005 9.9964E-005 9.9964E-005 0.00107767 0.998522 9.9964E-005
9.9973E-005 0.00807242 0.0304673 9.9973E-005 0.96116 9.9973E-005
9.9973E-005 0.025358 9.9973E-005 9.9973E-005 0.890831 0.0835115
0.0567031 9.9964E-005 9.9964E-005 9.9964E-005 0.942897 9.9964E-005
0.442847 9.9973E-005 0.0478906 9.9973E-005 0.508962 9.9973E-005
0.135523 9.9973E-005 0.862847 0.00133038 9.9973E-005 9.9973E-005
9.9964E-005 9.9964E-005 0.931652 9.9964E-005 0.0679483 9.9964E-005
9.9964E-005 9.9964E-005 0.918574 9.9964E-005 9.9964E-005 0.0810257
0.0307624 0.0719607 0.759543 9.9991E-005 0.0157865 0.121847
0.186957 0.10393 0.69739 0.0115229 9.9982E-005 9.9982E-005
0.195111 9.9982E-005 0.734129 9.9982E-005 0.00424871 0.0663111
9.9964E-005 9.9964E-005 0.962902 9.9964E-005 0.0366982 9.9964E-005
0.180491 9.9973E-005 0.781381 9.9973E-005 9.9973E-005 0.0378277
0.265947 9.9991E-005 0.699194 0.0250466 0.00260615 0.00710601
0.379452 0.0223037 0.590926 9.9982E-005 0.00711889 9.9982E-005
9.996E-005 9.996E-005 0.9995 9.996E-005 9.996E-005 9.996E-005
0.398516 0.16416 0.0207593 0.0112359 0.139744 0.265585
0.186484 0.531613 0.0537423 0.024525 0.0172185 0.186417
9.996E-005 0.9995 9.996E-005 9.996E-005 9.996E-005 9.996E-005
0.184855 0.613963 9.9982E-005 9.9982E-005 0.0281189 0.172864
9.996E-005 0.9995 9.996E-005 9.996E-005 9.996E-005 9.996E-005
9.996E-005 0.9995 9.996E-005 9.996E-005 9.996E-005 9.996E-005
9.996E-005 0.9995 9.996E-005 9.996E-005 9.996E-005 9.996E-005
0.15494 0.795096 9.9982E-005 0.0127586 0.0370055 9.9982E-005
0.149723 0.637906 0.0240818 9.9991E-005 0.0347214 0.153468
9.996E-005 9.996E-005 9.996E-005 9.996E-005 9.996E-005 0.9995
9.9991E-005 0.0263729 0.0839481 0.0189297 0.0497553 0.820894
9.9973E-005 9.9973E-005 9.9973E-005 0.013634 0.000339079 0.985727
9.996E-005 9.996E-005 9.996E-005 9.996E-005 9.996E-005 0.9995
9.996E-005 9.996E-005 9.996E-005 9.996E-005 9.996E-005 0.9995
9.9964E-005 9.9964E-005 9.9964E-005 0.0142201 9.9964E-005 0.98538
9.9991E-005 0.0316403 0.0192973 0.0108846 0.0110535 0.927024
9.996E-005 9.996E-005 9.996E-005 9.996E-005 9.996E-005 0.9995
9.99639E-005 0.0387663 9.99639E-005 9.99639E-005 9.99639E-005 0.960834
9.996E-005 9.996E-005 9.996E-005 9.996E-005 9.996E-005 0.9995
9.9973E-005 9.9973E-005 0.00851051 9.9973E-005 0.00156723 0.989622
