9.9982E-005 9.9982E-005 0.127886 0.871914
9.9982E-005 9.9982E-005 0.140752 0.859048
0.208476 0.0145158 0.0550922 0.721916
0.0998991 0.0172293 0.035311 0.847561
0.0504732 0.0118273 0.0911028 0.846597
9.9982E-005 9.9982E-005 0.0783123 0.921488
9.9982E-005 9.9982E-005 0.124475 0.875325
0.126433 9.9991E-005 0.152402 0.721065
0.0763262 0.0200457 0.162358 0.74127
0.133015 9.9991E-005 0.0570524 0.809833
9.9991E-005 0.00962235 0.0881977 0.90208
0.00178829 0.973978 0.00741212 0.016822
9.998E-005 0.9997 9.998E-005 9.998E-005
0.0218869 0.93664 0.0266228 0.0148501
0.00587316 0.967703 9.9991E-005 0.0263238
9.998E-005 0.9997 9.998E-005 9.998E-005
0.101941 0.728275 0.03535 0.134434
9.998E-005 0.9997 9.998E-005 9.998E-005
9.998E-005 0.9997 9.998E-005 9.998E-005
0.813155 9.9991E-005 0.0310585 0.155687
0.734225 0.0179622 0.0652896 0.182524
0.771319 0.00699631 0.0393594 0.182326
0.678824 0.00321624 0.0432757 0.274684
0.715871 0.0290044 0.130949 0.124175
0.521122 9.9991E-005 0.0862253 0.392553
9.998E-005 9.998E-005 0.9997 9.998E-005
0.126634 0.00941069 0.863856 9.9991E-005
9.998E-005 9.998E-005 0.9997 9.998E-005
0.116293 0.028016 0.855591 9.9991E-005
9.9982E-005 9.9982E-005 0.102972 0.896828
0.0156312 0.00843544 0.975833 9.9991E-005
9.9982E-005 0.0016524 0.998148 9.9982E-005
0.0299363 0.00149333 0.96847 9.9991E-005
0.112744 9.9982E-005 0.887056 9.9982E-005
0.00960543 9.9991E-005 0.987587 0.00270717
9.9982E-005 9.9982E-005 0.53461 0.46519
0.0175812 0.0192943 9.9991E-005 0.963025
0.111392 0.0160124 0.024029 0.848567
0.21361 0.0139523 9.9991E-005 0.772338
0.24882 0.00479749 9.9991E-005 0.746283
0.0719025 0.025426 9.9991E-005 0.902571
0.147973 9.9982E-005 9.9982E-005 0.851827
0.0998938 0.00865469 9.9991E-005 0.891352
0.107625 9.9982E-005 9.9982E-005 0.892175
0.0736369 0.0290539 9.9991E-005 0.897209
0.0596891 9.9991E-005 0.00164386 0.938567
0.0966667 0.0161269 9.9991E-005 0.887106
0.318531 0.0120176 0.202884 0.466567
0.407752 0.0204596 0.132606 0.439182
0.397066 0.0029324 0.125606 0.474395
0.408358 9.9991E-005 0.128488 0.463054
0.417037 9.9991E-005 0.118211 0.464652
0.429276 9.9991E-005 0.123062 0.447562
0.415888 9.9991E-005 0.109467 0.474545
0.283105 0.00737797 0.162176 0.547341
0.414727 9.9991E-005 0.107377 0.477796
0.9997 9.998E-005 9.998E-005 9.998E-005
0.860928 0.0129355 0.0736236 0.0525128
0.985307 0.0144929 9.9982E-005 9.9982E-005
0.9997 9.998E-005 9.998E-005 9.998E-005
0.9997 9.998E-005 9.998E-005 9.998E-005
0.988524 0.0112755 9.9982E-005 9.9982E-005
0.944874 0.0166535 0.0383723 9.9991E-005
0.9997 9.998E-005 9.998E-005 9.998E-005
0.9997 9.998E-005 9.998E-005 9.998E-005
0.9997 9.998E-005 9.998E-005 9.998E-005
0.9997 9.998E-005 9.998E-005 9.998E-005
