9.9982E-005 0.0217798 0.926027 0.0519932 9.9982E-005
9.999E-005 0.0348217 0.870493 0.0895506 0.00503517
0.182555 9.9991E-005 0.52752 0.270962 0.0188638
0.0815304 9.9991E-005 0.81939 0.0802948 0.0186844
0.0583415 9.9991E-005 0.843679 0.082708 0.0151711
9.9973E-005 9.9973E-005 0.747158 0.252543 9.9973E-005
9.9982E-005 0.000236369 0.951611 0.0479526 9.9982E-005
0.0959999 0.107022 0.56373 0.233147 9.9991E-005
0.0708592 0.0642773 0.716105 0.125277 0.0234812
0.117709 9.9982E-005 0.820305 0.0617862 9.9982E-005
9.9982E-005 9.9982E-005 0.806937 0.178264 0.0145996
0.00617461 9.9982E-005 9.9982E-005 0.0206877 0.972938
9.997E-005 9.997E-005 9.997E-005 9.997E-005 0.9996
0.0202944 0.022364 0.0269462 0.00541754 0.924978
0.00105231 9.9991E-005 0.0226618 0.0117914 0.964395
9.997E-005 9.997E-005 9.997E-005 9.997E-005 0.9996
0.0716793 0.0497575 0.0572607 0.0936456 0.727657
9.997E-005 9.997E-005 9.997E-005 9.997E-005 0.9996
9.997E-005 9.997E-005 9.997E-005 9.997E-005 0.9996
0.769551 0.0419484 0.11607 0.0723301 9.9991E-005
0.717316 0.0804982 0.154728 0.0363983 0.0110596
0.72606 0.0513536 0.104392 0.111112 0.00708239
0.670451 0.00427915 0.250282 0.0706563 0.00433188
0.693846 0.140666 0.128373 0.00840169 0.0287138
0.507197 0.0696965 0.316494 0.102974 0.00363792
9.997E-005 0.9996 9.997E-005 9.997E-005 9.997E-005
0.106884 0.860257 0.0225649 9.9991E-005 0.0101943
9.997E-005 0.9996 9.997E-005 9.997E-005 9.997E-005
0.0870613 0.840796 9.9991E-005 0.0474796 0.0245628
9.9982E-005 0.0203029 0.886248 0.0932488 9.9982E-005
0.00303593 0.975721 9.9991E-005 0.0191705 0.00197297
9.997E-005 0.9996 9.997E-005 9.997E-005 9.997E-005
0.015282 0.960763 9.9991E-005 0.0215234 0.00233194
0.110957 0.888743 9.9973E-005 9.9973E-005 9.9973E-005
9.9982E-005 0.959781 0.0333958 0.00662375 9.9982E-005
9.9982E-005 0.508782 0.389327 0.101691 9.9982E-005
9.9973E-005 9.9973E-005 0.132125 0.867575 9.9973E-005
9.9982E-005 0.0743342 9.9982E-005 0.925001 0.000464498
0.0843684 9.9973E-005 9.9973E-005 0.915332 9.9973E-005
0.161128 9.9982E-005 0.0685063 0.770166 9.9982E-005
0.00992318 9.9991E-005 0.278272 0.690569 0.0211359
0.0542691 0.0156858 0.177213 0.752732 9.9991E-005
9.9982E-005 0.0529294 9.9982E-005 0.945636 0.00123443
0.0119551 9.9982E-005 0.159284 0.828561 9.9982E-005
9.9982E-005 9.9982E-005 0.253519 0.725439 0.0208415
9.9982E-005 0.0167915 0.335977 0.647031 9.9982E-005
9.9973E-005 0.00241539 9.9973E-005 0.997285 9.9973E-005
0.312838 0.146179 0.48104 0.0494737 0.0104702
0.392956 0.00259065 0.585703 9.9991E-005 0.01865
0.355025 9.9973E-005 0.644675 9.9973E-005 9.9973E-005
0.399584 9.9973E-005 0.600116 9.9973E-005 9.9973E-005
0.37408 9.99729E-005 0.62562 9.99729E-005 9.99729E-005
0.365076 9.9973E-005 0.634624 9.9973E-005 9.9973E-005
0.362935 9.9973E-005 0.636765 9.9973E-005 9.9973E-005
0.268532 0.0186881 0.710279 9.9991E-005 0.00240041
0.39544 9.9973E-005 0.60426 9.9973E-005 9.9973E-005
0.991772 0.00747866 9.9982E-005 9.9982E-005 0.000549708
0.821599 0.071035 9.9991E-005 0.0958056 0.0114601
0.974784 9.9982E-005 9.9982E-005 0.0139521 0.0110641
0.9996 9.997E-005 9.997E-005 9.997E-005 9.997E-005
0.9996 9.997E-005 9.997E-005 9.997E-005 9.997E-005
0.987599 9.9973E-005 9.9973E-005 9.9973E-005 0.0121009
0.936836 0.0258169 9.9991E-005 0.0226833 0.0145639
0.9996 9.997E-005 9.997E-005 9.997E-005 9.997E-005
0.9996 9.997E-005 9.997E-005 9.997E-005 9.997E-005
0.9996 9.997E-005 9.997E-005 9.997E-005 9.997E-005
0.974141 0.00963844 9.9982E-005 0.0160202 9.9982E-005
