0.0808192 9.9964E-005 9.9964E-005 0.00900949 9.9964E-005 9.9964E-005 0.909771
0.0622531 9.9973E-005 0.0284103 0.0541229 9.9973E-005 9.9973E-005 0.854914
0.064457 0.0136357 9.9982E-005 9.9982E-005 0.153347 0.201258 0.567102
9.9964E-005 0.00122875 9.9964E-005 9.9964E-005 9.9964E-005 0.116824 0.881548
9.99639E-005 0.0055969 9.99639E-005 9.99639E-005 9.99639E-005 0.0891864 0.904817
9.9973E-005 9.9973E-005 0.0341162 0.0157948 0.140906 9.9973E-005 0.808883
0.105611 9.9964E-005 9.9964E-005 0.000118475 9.9964E-005 9.9964E-005 0.893871
9.9982E-005 9.9982E-005 0.0630081 0.0868315 0.143481 0.120913 0.585567
9.9991E-005 0.0137021 0.029377 0.0573391 0.0109386 0.121227 0.767316
0.0911042 9.9973E-005 0.0161862 9.9973E-005 9.9973E-005 0.134184 0.758226
9.9982E-005 0.0133166 0.0970792 9.9982E-005 0.0759291 0.00751124 0.805964
0.0282691 0.971231 9.99551E-005 9.99551E-005 9.99551E-005 9.99551E-005 9.99551E-005
9.995E-005 0.9994 9.995E-005 9.995E-005 9.995E-005 9.995E-005 9.995E-005
0.0235861 0.924181 0.0251501 0.0210119 0.00553943 0.00043146 9.9991E-005
0.00866015 0.961002 9.9982E-005 9.9982E-005 0.00978259 0.00469364 0.0156612
9.995E-005 0.9994 9.995E-005 9.995E-005 9.995E-005 9.995E-005 9.995E-005
0.00524824 0.723346 0.0248977 0.0658535 0.105591 0.0672016 0.00786238
9.99549E-005 0.99744 0.00206056 9.99549E-005 9.99549E-005 9.99549E-005 9.99549E-005
9.995E-005 0.9994 9.995E-005 9.995E-005 9.995E-005 9.995E-005 9.995E-005
0.0408063 9.9964E-005 9.9964E-005 9.9964E-005 9.9964E-005 0.815203 0.143591
0.0509922 0.01212 9.9982E-005 0.0464336 9.9982E-005 0.725328 0.164926
0.056508 0.00397583 9.9982E-005 9.9982E-005 0.0192417 0.754228 0.165847
9.999E-005 0.00201244 0.11643 0.00902209 0.0292495 0.630844 0.212343
0.0533917 0.0312839 0.121856 0.128007 0.024612 0.628845 0.0120046
9.9973E-005 9.9973E-005 9.9973E-005 0.0522784 0.0390771 0.531757 0.376587
9.995E-005 9.995E-005 9.995E-005 0.9994 9.995E-005 9.995E-005 9.995E-005
9.9982E-005 0.00356949 0.0375813 0.828029 9.9982E-005 0.108618 0.0220018
9.995E-005 9.995E-005 9.995E-005 0.9994 9.995E-005 9.995E-005 9.995E-005
9.9973E-005 0.0330743 9.9973E-005 0.839811 0.039175 0.0876394 9.9973E-005
9.9964E-005 9.9964E-005 9.9964E-005 0.0469029 0.00748387 9.9964E-005 0.945213
9.9973E-005 0.0055857 0.0216121 0.960137 0.0123657 9.9973E-005 9.9973E-005
9.995E-005 9.995E-005 9.995E-005 0.9994 9.995E-005 9.995E-005 9.995E-005
0.0494692 9.9964E-005 9.9964E-005 0.926046 0.0240846 9.9964E-005 9.9964E-005
0.0358958 9.9964E-005 9.9964E-005 0.872369 9.9964E-005 0.0913354 9.9964E-005
9.9964E-005 9.9964E-005 0.00624495 0.940244 9.9964E-005 9.9964E-005 0.0531113
9.99639E-005 9.99639E-005 9.99639E-005 0.516211 0.0515817 9.99639E-005 0.431808
9.9964E-005 0.00254085 9.9964E-005 9.9964E-005 0.82891 9.9964E-005 0.168149
9.9955E-005 9.9955E-005 9.9955E-005 0.0676254 0.931875 9.9955E-005 9.9955E-005
9.99549E-005 9.99549E-005 9.99549E-005 9.99549E-005 0.902616 0.0968841 9.99549E-005
0.0302215 9.9982E-005 0.0394204 9.9982E-005 0.776888 0.128601 0.0246697
0.0953613 0.00785709 0.0167346 9.9982E-005 0.678315 9.9982E-005 0.201532
0.0286876 9.9982E-005 9.9982E-005 0.00889046 0.779075 0.03823 0.144917
9.9955E-005 9.9955E-005 9.9955E-005 0.049593 0.949907 9.9955E-005 9.9955E-005
9.9964E-005 9.9964E-005 9.9964E-005 9.9964E-005 0.817791 0.0313369 0.150472
9.99729E-005 0.0172185 9.99729E-005 9.99729E-005 0.668735 0.0196425 0.294104
0.0943852 9.9964E-005 9.9964E-005 9.9964E-005 0.566588 9.9964E-005 0.338627
9.995E-005 9.995E-005 9.995E-005 9.995E-005 0.9994 9.995E-005 9.995E-005
0.237794 0.0114656 0.0388395 0.143454 0.0266991 0.227789 0.313958
0.979385 0.017758 9.9964E-005 9.9964E-005 0.00245718 9.9964E-005 9.9964E-005
9.995E-005 9.995E-005 0.9994 9.995E-005 9.995E-005 9.995E-005 9.995E-005
0.9994 9.995E-005 9.995E-005 9.995E-005 9.995E-005 9.995E-005 9.995E-005
9.9964E-005 0.000445815 0.985878 9.9964E-005 9.9964E-005 0.0132767 9.9964E-005
9.9955E-005 9.9955E-005 0.99592 9.9955E-005 9.9955E-005 0.00358018 9.9955E-005
9.995E-005 9.995E-005 0.9994 9.995E-005 9.995E-005 9.995E-005 9.995E-005
0.354248 0.00407669 0.484277 0.0279122 9.9982E-005 9.9982E-005 0.129287
0.9994 9.995E-005 9.995E-005 9.995E-005 9.995E-005 9.995E-005 9.995E-005
9.995E-005 9.995E-005 9.995E-005 9.995E-005 9.995E-005 0.9994 9.995E-005
0.0012897 0.010647 0.0377571 0.0433278 0.0840336 0.822845 9.9991E-005
9.9964E-005 0.0151989 0.019967 9.9964E-005 9.9964E-005 0.964434 9.9964E-005
9.995E-005 9.995E-005 9.995E-005 9.995E-005 9.995E-005 0.9994 9.995E-005
9.995E-005 9.995E-005 9.995E-005 9.995E-005 9.995E-005 0.9994 9.995E-005
9.9955E-005 0.0173874 9.9955E-005 9.9955E-005 9.9955E-005 0.982113 9.9955E-005
9.9982E-005 0.00768506 0.0328198 0.00947219 0.0272125 0.92261 9.9982E-005
0.00716791 9.9955E-005 9.9955E-005 9.9955E-005 9.9955E-005 0.992332 9.9955E-005
9.99549E-005 9.99549E-005 0.0406979 9.99549E-005 9.99549E-005 0.958802 9.99549E-005
9.995E-005 9.995E-005 9.995E-005 9.995E-005 9.995E-005 0.9994 9.995E-005
9.9964E-005 9.9964E-005 9.9964E-005 0.00367326 0.0127656 0.983161 9.9964E-005
