0.9998 9.999E-005 9.999E-005
0.994121 0.00577924 9.9991E-005
0.764163 0.0154777 0.220359
0.882578 0.0225843 0.0948379
0.905575 0.0140095 0.0804154
0.999521 0.000378738 9.9991E-005
0.9998 9.999E-005 9.999E-005
0.828385 9.9991E-005 0.171515
0.86719 0.02228 0.110529
0.848916 0.00758649 0.143497
0.947092 0.0167078 0.0362003
0.00400755 0.980344 0.0156483
9.999E-005 0.9998 9.999E-005
0.0310283 0.924446 0.044526
0.0206945 0.971515 0.00779036
9.999E-005 0.9998 9.999E-005
0.145536 0.727937 0.126527
9.999E-005 0.9998 9.999E-005
9.999E-005 0.9998 9.999E-005
0.179375 9.9991E-005 0.820525
0.215944 0.0137127 0.770344
0.197012 0.0148196 0.788168
0.281716 0.00911085 0.709173
0.207583 0.0290528 0.763364
0.442658 0.00241168 0.554931
0.647432 9.9991E-005 0.352468
0.584845 9.9991E-005 0.415055
0.625706 9.9991E-005 0.374194
0.585985 0.00951796 0.404497
0.9998 9.999E-005 9.999E-005
0.655129 9.9991E-005 0.344771
0.685 9.9991E-005 0.3149
0.655436 9.9991E-005 0.344464
0.544291 9.9991E-005 0.455609
0.677998 9.9991E-005 0.321902
0.909924 9.9991E-005 0.0899761
0.963777 0.0308841 0.00533874
0.851811 0.0262581 0.121931
0.742762 0.0308671 0.226371
0.732864 0.0153898 0.251746
0.873328 0.0359506 0.090721
0.855645 0.000390749 0.143964
0.867645 0.0266326 0.105722
0.894305 9.9991E-005 0.105595
0.883773 0.0394846 0.0767423
0.928825 0.0064729 0.0647024
0.883231 0.0210002 0.0957683
0.593069 0.0110707 0.395861
0.540576 0.0173242 0.4421
0.545053 0.00667304 0.448274
0.544588 9.9991E-005 0.455312
0.530918 0.00138879 0.467693
0.524958 9.9991E-005 0.474942
0.541143 9.9991E-005 0.458757
0.651227 0.00462949 0.344143
0.546261 9.9991E-005 0.453639
9.999E-005 9.999E-005 0.9998
0.0944386 0.0200844 0.885477
9.9991E-005 0.0140462 0.985854
9.999E-005 9.999E-005 0.9998
9.999E-005 9.999E-005 0.9998
9.9991E-005 0.01004 0.98986
9.9991E-005 0.0177185 0.982181
9.999E-005 9.999E-005 0.9998
9.999E-005 9.999E-005 0.9998
9.999E-005 9.999E-005 0.9998
9.999E-005 9.999E-005 0.9998
