0.011995 9.9964E-005 9.9964E-005 9.9964E-005 9.9964E-005 0.00670803 0.0336251 0.947272
0.00334504 9.9973E-005 9.9973E-005 9.9973E-005 0.00979844 0.0682013 0.0462522 0.872103
0.0939379 0.0738311 0.0104854 0.226334 0.00919046 0.00945218 9.9991E-005 0.576669
9.9955E-005 9.9955E-005 0.000232024 0.112466 9.9955E-005 9.9955E-005 9.9955E-005 0.886803
9.995E-005 9.995E-005 0.004766 0.0877266 9.995E-005 9.995E-005 9.995E-005 0.907008
0.0889817 0.0862202 9.9982E-005 9.9982E-005 0.00206798 0.00151229 0.0457376 0.77528
0.0155162 9.9964E-005 9.9964E-005 9.9964E-005 9.9964E-005 0.0173393 0.0207691 0.945976
0.082655 0.0903589 9.9982E-005 0.141581 9.9982E-005 0.0400622 0.0680552 0.577088
9.998E-005 0.00977133 0.018706 0.118324 9.998E-005 0.0166464 0.0582998 0.778052
9.9964E-005 9.9964E-005 9.9964E-005 0.135311 0.00208136 0.0462162 9.9964E-005 0.815991
0.0625479 0.0271355 0.0170473 9.99729E-005 9.99729E-005 0.0951046 9.99729E-005 0.797865
9.997E-005 0.0313662 0.961656 9.997E-005 0.00433377 9.997E-005 0.00193385 0.000410152
9.994E-005 9.994E-005 0.9993 9.994E-005 9.994E-005 9.994E-005 9.994E-005 9.994E-005
0.0249091 9.9973E-005 0.90628 9.9973E-005 0.0164144 0.0391141 0.0129821 9.9973E-005
0.0119542 9.9973E-005 0.948131 0.0177075 0.0125055 9.9973E-005 9.9973E-005 0.00940168
9.994E-005 9.994E-005 0.9993 9.994E-005 9.994E-005 9.994E-005 9.994E-005 9.994E-005
9.994E-005 9.994E-005 9.994E-005 9.994E-005 0.9993 9.994E-005 9.994E-005 9.994E-005
9.99459E-005 9.99459E-005 0.995787 9.99459E-005 9.99459E-005 9.99459E-005 9.99459E-005 0.00361313
9.994E-005 9.994E-005 0.9993 9.994E-005 9.994E-005 9.994E-005 9.994E-005 9.994E-005
9.995E-005 0.00722541 9.995E-005 0.832057 9.995E-005 9.995E-005 9.995E-005 0.160218
9.997E-005 9.997E-005 0.00405999 0.752556 0.00101368 9.997E-005 0.0348973 0.207173
9.996E-005 0.0461731 9.996E-005 0.776025 0.00687983 9.996E-005 9.996E-005 0.170522
0.0720305 9.9973E-005 0.00461099 0.62906 9.9973E-005 0.113909 9.9973E-005 0.18009
0.0165426 0.0202797 0.0217204 0.623567 0.0011481 0.192444 0.099044 0.0252539
0.0270573 0.00831762 9.9982E-005 0.518013 0.0024196 9.9982E-005 0.0659229 0.37807
9.994E-005 9.994E-005 9.994E-005 9.994E-005 9.994E-005 9.994E-005 0.9993 9.994E-005
9.997E-005 9.997E-005 0.0127735 0.0994788 9.997E-005 0.0391181 0.827937 0.020393
9.99459E-005 9.99459E-005 9.99459E-005 0.00239649 9.99459E-005 9.99459E-005 0.997004 9.99459E-005
9.9973E-005 0.0262852 0.00262225 0.097346 0.0305941 9.9973E-005 0.842853 9.9973E-005
0.0540153 9.9955E-005 9.9955E-005 9.9955E-005 9.9955E-005 9.9955E-005 0.0549066 0.890578
9.99549E-005 0.0135576 9.99549E-005 9.99549E-005 0.00910195 9.99549E-005 0.976841 9.99549E-005
0.0157738 9.9955E-005 0.0026298 9.9955E-005 9.9955E-005 9.9955E-005 0.981097 9.9955E-005
0.00685147 0.0170969 0.00762821 0.00726592 9.9982E-005 0.00965288 0.951305 9.9982E-005
9.9955E-005 9.9955E-005 9.9955E-005 0.107273 9.9955E-005 0.00652372 0.885703 9.9955E-005
9.99461E-005 9.99461E-005 9.99461E-005 9.99461E-005 9.99461E-005 9.99461E-005 0.950006 0.0493939
0.0035542 0.0687396 9.99639E-005 9.99639E-005 9.99639E-005 9.99639E-005 0.507959 0.419347
0.0815327 0.780689 9.99549E-005 9.99549E-005 9.99549E-005 9.99549E-005 9.99549E-005 0.137279
9.9946E-005 0.980955 9.9946E-005 9.9946E-005 9.9946E-005 9.9946E-005 0.018445 9.9946E-005
0.0657133 0.835975 9.9955E-005 0.0978116 9.9955E-005 9.9955E-005 9.9955E-005 9.9955E-005
0.209408 0.565175 9.9973E-005 0.140925 9.9973E-005 0.0631756 9.9973E-005 0.0210174
0.0136686 0.674136 0.0185635 9.9973E-005 9.9973E-005 0.0732449 9.9973E-005 0.220088
0.9993 9.994E-005 9.994E-005 9.994E-005 9.994E-005 9.994E-005 9.994E-005 9.994E-005
9.9946E-005 0.990921 9.9946E-005 9.9946E-005 9.9946E-005 9.9946E-005 0.00847955 9.9946E-005
0.9993 9.994E-005 9.994E-005 9.994E-005 9.994E-005 9.994E-005 9.994E-005 9.994E-005
0.0445237 0.618682 0.0221885 0.0154962 9.99729E-005 9.99729E-005 9.99729E-005 0.298809
0.399886 0.281313 9.998E-005 9.998E-005 0.00360042 0.0263414 0.00885356 0.279805
0.0423717 0.948187 9.99551E-005 9.99551E-005 9.99551E-005 9.99551E-005 0.0089419 9.99551E-005
9.9982E-005 0.0417008 9.9982E-005 0.256016 0.0211293 0.179148 0.142467 0.359339
0.0170709 0.0123164 0.00327314 0.17149 0.0161341 0.562264 0.0449543 0.172497
9.994E-005 9.994E-005 9.994E-005 9.994E-005 9.994E-005 0.9993 9.994E-005 9.994E-005
9.997E-005 9.997E-005 9.997E-005 0.175752 0.0105543 0.603346 0.0520762 0.157972
9.99459E-005 9.99459E-005 0.00178674 9.99459E-005 9.99459E-005 0.997614 9.99459E-005 9.99459E-005
9.994E-005 9.994E-005 9.994E-005 9.994E-005 9.994E-005 0.9993 9.994E-005 9.994E-005
9.994E-005 9.994E-005 9.994E-005 9.994E-005 9.994E-005 0.9993 9.994E-005 9.994E-005
0.0167435 9.997E-005 0.0155963 9.997E-005 9.997E-005 0.776397 0.0481718 0.142792
0.0221924 0.0186099 9.9991E-005 0.160109 0.0109602 0.625718 0.0236911 0.138619
9.994E-005 9.994E-005 9.994E-005 0.9993 9.994E-005 9.994E-005 9.994E-005 9.994E-005
0.0248846 0.049493 9.9982E-005 0.820571 0.0204608 0.0531571 0.0312332 9.9982E-005
0.0137546 9.9964E-005 0.00369438 0.970508 0.0116434 9.9964E-005 9.9964E-005 9.9964E-005
9.994E-005 9.994E-005 9.994E-005 0.9993 9.994E-005 9.994E-005 9.994E-005 9.994E-005
9.994E-005 9.994E-005 9.994E-005 0.9993 9.994E-005 9.994E-005 9.994E-005 9.994E-005
9.994E-005 9.994E-005 0.0112847 0.988116 9.994E-005 9.994E-005 9.994E-005 9.994E-005
0.0184163 9.9982E-005 0.0185823 0.90604 0.000458892 0.0528315 0.00347073 9.9982E-005
9.994E-005 9.994E-005 9.994E-005 0.9993 9.994E-005 9.994E-005 9.994E-005 9.994E-005
9.99501E-005 9.99501E-005 9.99501E-005 0.972459 9.99501E-005 0.0269417 9.99501E-005 9.99501E-005
9.994E-005 9.994E-005 9.994E-005 0.9993 9.994E-005 9.994E-005 9.994E-005 9.994E-005
0.00520117 9.9955E-005 9.9955E-005 0.985501 9.9955E-005 9.9955E-005 0.00879809 9.9955E-005
