9.9982E-005 0.742454 9.9982E-005 0.114595 0.142751
9.9982E-005 0.72275 9.9982E-005 0.165753 0.111297
0.0168415 0.650616 0.193847 0.0938029 0.0448931
0.0173021 0.777483 0.108504 0.06457 0.0321402
0.0109166 0.763365 0.0458398 0.0843119 0.0955666
9.9982E-005 0.808543 9.9982E-005 0.0949675 0.09629
9.9982E-005 0.749794 9.9982E-005 0.138405 0.111601
9.999E-005 0.637719 0.10133 0.100958 0.159893
0.0198099 0.658654 0.060548 0.116647 0.144341
0.00029328 0.642699 0.103138 0.190763 0.0631067
0.00889047 0.743503 9.9991E-005 0.189089 0.0584184
0.974337 0.00892027 9.9991E-005 0.00652508 0.010118
0.9996 9.997E-005 9.997E-005 9.997E-005 9.997E-005
0.928573 0.00443756 0.0135468 0.0289141 0.0245282
0.965383 0.010652 0.0140685 0.0097967 9.9991E-005
0.9996 9.997E-005 9.997E-005 9.997E-005 9.997E-005
0.733119 0.0897684 0.0898871 0.0188219 0.0684037
0.9996 9.997E-005 9.997E-005 9.997E-005 9.997E-005
0.9996 9.997E-005 9.997E-005 9.997E-005 9.997E-005
9.9973E-005 0.17165 0.82805 9.9973E-005 9.9973E-005
0.0192561 0.181145 0.728393 9.9991E-005 0.0711058
0.00719161 0.198163 0.780194 9.9991E-005 0.0143513
0.00537394 0.207003 0.628045 0.135305 0.0242737
0.0342566 0.0450505 0.639818 0.171577 0.109297
0.00170706 0.354009 0.511994 0.0338858 0.0984039
9.997E-005 9.997E-005 9.997E-005 9.997E-005 0.9996
0.00958328 9.9991E-005 0.110391 0.0262076 0.853718
9.9973E-005 9.9973E-005 0.00350584 9.9973E-005 0.996194
0.0300372 9.9982E-005 0.121914 9.9982E-005 0.847849
9.9982E-005 0.81211 9.9982E-005 0.0563552 0.131334
0.00492666 9.9982E-005 0.01128 9.9982E-005 0.983593
9.997E-005 9.997E-005 9.997E-005 9.997E-005 0.9996
0.00455974 9.9991E-005 0.0133623 0.0108899 0.971088
9.9982E-005 9.9982E-005 0.125215 0.0067159 0.867869
9.9973E-005 0.0108044 9.9973E-005 9.9973E-005 0.988896
9.9973E-005 0.436041 9.9973E-005 9.9973E-005 0.563659
0.0135286 0.950355 0.0359159 9.9982E-005 9.9982E-005
0.012045 0.836017 0.134282 9.9991E-005 0.0175563
0.000289366 0.779841 0.21967 9.9982E-005 9.9982E-005
0.00298268 0.724139 0.255314 0.0174649 9.9991E-005
0.0184224 0.839945 0.0871016 0.0544308 9.9991E-005
9.9973E-005 0.840332 0.159368 9.9973E-005 9.9973E-005
0.00994046 0.874306 0.115554 9.9982E-005 9.9982E-005
9.9973E-005 0.869826 0.129874 9.9973E-005 9.9973E-005
0.0241492 0.871635 0.104016 9.9982E-005 9.9982E-005
9.9982E-005 0.885953 0.0842617 0.029585 9.9982E-005
0.0114854 0.89148 0.0968349 9.9982E-005 9.9982E-005
0.0167773 0.313399 0.20798 0.245736 0.216108
0.0259887 0.149447 0.154966 0.602728 0.0668706
9.997E-005 9.997E-005 9.997E-005 0.9996 9.997E-005
9.9991E-005 0.113136 0.156928 0.656897 0.0729385
9.99723E-005 9.99723E-005 9.99723E-005 0.9996 9.99723E-005
9.997E-005 9.997E-005 9.997E-005 0.9996 9.997E-005
9.997E-005 9.997E-005 9.997E-005 0.9996 9.997E-005
0.00971485 0.136801 9.9991E-005 0.792791 0.0605932
9.9991E-005 0.143244 0.156688 0.645347 0.0546212
9.9973E-005 9.9973E-005 0.996377 9.9973E-005 0.00332277
0.0135037 0.0643902 0.841571 0.0287168 0.0518184
0.0117511 9.9982E-005 0.967526 0.0205228 9.9982E-005
9.997E-005 9.997E-005 0.9996 9.997E-005 9.997E-005
9.997E-005 9.997E-005 0.9996 9.997E-005 9.997E-005
0.0127189 9.9973E-005 0.986981 9.9973E-005 9.9973E-005
0.0163642 9.9991E-005 0.924804 0.0354808 0.0232513
9.997E-005 9.997E-005 0.9996 9.997E-005 9.997E-005
9.9973E-005 9.9973E-005 0.989749 0.00995127 9.9973E-005
9.997E-005 9.997E-005 0.9996 9.997E-005 9.997E-005
9.9982E-005 9.9982E-005 0.992277 0.000578302 0.00694435
