9.9982E-005 9.9982E-005 0.135944 0.863856
9.9982E-005 9.9982E-005 0.150903 0.848897
0.221355 0.0127936 0.047348 0.718504
0.113367 0.0105993 0.0282249 0.847809
0.0642036 0.00787326 0.0902659 0.837657
9.9982E-005 9.9982E-005 0.0876099 0.91219
9.9982E-005 9.9982E-005 0.118161 0.881639
0.131563 9.9991E-005 0.144101 0.724236
0.0784489 0.0195493 0.145033 0.756969
0.139292 0.00258555 0.076407 0.781715
0.00682976 0.0113192 0.0880557 0.893795
0.00427559 0.978227 0.00417141 0.0133263
9.998E-005 0.9997 9.998E-005 9.998E-005
0.0311512 0.931071 0.0345961 0.00318223
0.0159981 0.974955 9.9991E-005 0.00894738
9.998E-005 0.9997 9.998E-005 9.998E-005
0.107368 0.721432 0.0469084 0.124291
9.998E-005 0.9997 9.998E-005 9.998E-005
9.998E-005 0.9997 9.998E-005 9.998E-005
0.81905 9.9991E-005 0.0226715 0.158178
0.746228 0.0153542 0.0703164 0.168102
0.782529 0.00735001 0.0314101 0.178711
0.687623 0.00612804 0.0471348 0.259114
0.720342 0.0242684 0.146139 0.109251
0.519904 9.9991E-005 0.0778805 0.402115
9.998E-005 9.998E-005 0.9997 9.998E-005
0.138125 0.0151655 0.84661 9.9991E-005
9.998E-005 9.998E-005 0.9997 9.998E-005
0.119957 0.0276394 0.852304 9.9991E-005
9.9982E-005 9.9982E-005 0.128284 0.871516
0.0304691 0.00532342 0.964107 9.9991E-005
9.998E-005 9.998E-005 0.9997 9.998E-005
0.0237818 0.000863389 0.975255 9.9991E-005
0.118014 9.9982E-005 0.881786 9.9982E-005
0.00638494 0.000385152 0.988118 0.00511144
9.9982E-005 9.9982E-005 0.556934 0.442866
0.0160326 0.023371 9.9991E-005 0.960496
0.119618 0.017991 0.0199729 0.842418
0.21891 0.00788637 9.9991E-005 0.773104
0.262004 0.00194899 9.9991E-005 0.735947
0.0832844 0.0191616 9.9991E-005 0.897454
0.156269 9.9982E-005 9.9982E-005 0.843531
0.116068 0.0103866 9.9991E-005 0.873445
0.113735 9.9982E-005 9.9982E-005 0.886065
0.0789627 0.0306519 9.9991E-005 0.890285
0.0817109 9.9982E-005 9.9982E-005 0.918089
0.103638 0.0205028 9.9991E-005 0.875759
0.324587 0.0093204 0.230481 0.435611
0.397329 0.0189007 0.157583 0.426187
0.408709 9.9991E-005 0.148412 0.442779
0.40372 9.9991E-005 0.151928 0.444251
0.424753 9.9991E-005 0.133588 0.441559
0.422973 9.9991E-005 0.12972 0.447207
0.406279 9.9991E-005 0.141611 0.45201
0.283075 0.00802962 0.203227 0.505668
0.413371 9.9991E-005 0.142885 0.443644
0.996851 0.00294878 9.9982E-005 9.9982E-005
0.866716 0.0174394 0.0428474 0.0729967
0.987448 0.0123522 9.9982E-005 9.9982E-005
0.9997 9.998E-005 9.998E-005 9.998E-005
0.9997 9.998E-005 9.998E-005 9.998E-005
0.992524 0.0072758 9.9982E-005 9.9982E-005
0.958812 0.0180963 0.022992 9.9991E-005
0.9997 9.998E-005 9.998E-005 9.998E-005
0.9997 9.998E-005 9.998E-005 9.998E-005
0.9997 9.998E-005 9.998E-005 9.998E-005
0.9997 9.998E-005 9.998E-005 9.998E-005
