0.85407 9.9982E-005 9.9982E-005 0.14573
0.830329 9.9982E-005 9.9982E-005 0.169471
0.732007 0.219984 0.0134235 0.0345858
0.844295 0.108964 0.0127575 0.0339827
0.820536 0.0621384 0.00982887 0.107497
0.88772 9.9982E-005 9.9982E-005 0.11208
0.87055 9.9982E-005 9.9982E-005 0.12925
0.703284 0.119833 9.9991E-005 0.176783
0.737237 0.0712925 0.0224829 0.168987
0.774077 0.142066 9.9991E-005 0.083757
0.884805 0.0078404 0.0123537 0.0950012
0.0190751 9.9991E-005 0.976094 0.00473043
9.998E-005 9.998E-005 0.9997 9.998E-005
0.0186995 0.0234792 0.927882 0.0299393
0.0235109 0.0161093 0.96028 9.9991E-005
9.998E-005 9.998E-005 0.9997 9.998E-005
0.0906025 0.106974 0.724168 0.0782553
9.998E-005 9.998E-005 0.9997 9.998E-005
9.998E-005 9.998E-005 0.9997 9.998E-005
0.156274 0.822729 9.9991E-005 0.0208971
0.154014 0.747362 0.0144819 0.0841423
0.202438 0.764726 0.00691682 0.0259187
0.264866 0.693664 9.9991E-005 0.0413699
0.112366 0.722265 0.0231422 0.142227
0.389781 0.52554 9.9991E-005 0.0845788
9.998E-005 9.998E-005 9.998E-005 0.9997
9.9991E-005 0.127445 0.00942273 0.863033
9.998E-005 9.998E-005 9.998E-005 0.9997
0.00403266 0.114376 0.0303721 0.851219
0.883092 9.9982E-005 9.9982E-005 0.116709
9.9991E-005 0.00961692 0.00863794 0.981645
9.998E-005 9.998E-005 9.998E-005 0.9997
0.00330504 0.0262675 9.99953E-005 0.970327
9.9982E-005 0.108544 9.9982E-005 0.891256
0.0159645 9.9982E-005 9.9982E-005 0.983836
0.448604 9.9982E-005 9.9982E-005 0.551197
0.972128 0.00348631 0.0242859 9.9991E-005
0.838628 0.108919 0.0174083 0.0350444
0.784941 0.211984 0.00297538 9.9991E-005
0.752553 0.247078 0.000269968 9.9991E-005
0.89619 0.0833155 0.0203944 9.9991E-005
0.869149 0.130651 9.9982E-005 9.9982E-005
0.883121 0.0892757 0.0144947 0.0131089
0.884308 0.115492 9.9982E-005 9.9982E-005
0.893807 0.0772825 0.028811 9.9991E-005
0.923432 0.0763676 9.99821E-005 9.99821E-005
0.89347 0.0944136 0.0120167 9.9991E-005
0.440611 0.316042 0.00951025 0.233837
0.435891 0.376702 0.0245848 0.162822
0.423104 0.395685 0.00232289 0.178888
0.424588 0.416388 9.9991E-005 0.158924
0.420802 0.42414 0.00330244 0.151756
0.414447 0.432685 9.9991E-005 0.152768
0.423073 0.405062 9.9991E-005 0.171765
0.500733 0.269331 0.0102346 0.219701
0.426971 0.42085 9.9991E-005 0.152079
9.998E-005 0.9997 9.998E-005 9.998E-005
0.0704908 0.858804 0.0198489 0.0508564
9.9991E-005 0.981729 0.0157057 0.00246575
9.998E-005 0.9997 9.998E-005 9.998E-005
9.998E-005 0.9997 9.998E-005 9.998E-005
9.9982E-005 0.993496 0.00630432 9.9982E-005
9.9991E-005 0.946139 0.015689 0.0380721
9.998E-005 0.9997 9.998E-005 9.998E-005
9.998E-005 0.9997 9.998E-005 9.998E-005
9.998E-005 0.9997 9.998E-005 9.998E-005
9.998E-005 0.9997 9.998E-005 9.998E-005
