0.0803701 9.9946E-005 9.9946E-005 9.9946E-005 9.9946E-005 9.9946E-005 9.9946E-005 0.91903
0.0650494 0.0393635 9.9964E-005 9.9964E-005 9.9964E-005 0.0181207 9.9964E-005 0.877067
0.0870603 9.9982E-005 0.0111341 0.216013 0.132029 9.9982E-005 0.036256 0.517308
9.9946E-005 9.9946E-005 9.9946E-005 9.9946E-005 9.9946E-005 9.9946E-005 0.12412 0.87528
9.99549E-005 9.99549E-005 9.99549E-005 0.00390342 9.99549E-005 9.99549E-005 0.0955793 0.900018
9.9982E-005 0.0104579 0.00345853 0.0102827 0.143699 0.0220951 9.9982E-005 0.809807
0.0880406 9.9946E-005 9.9946E-005 9.9946E-005 9.9946E-005 9.9946E-005 9.9946E-005 0.91136
9.9982E-005 0.0867208 9.9982E-005 0.0838198 0.128664 0.0618132 0.0520572 0.586726
9.99819E-005 0.0431267 0.0290243 0.0512805 9.99819E-005 0.0274486 0.076837 0.772083
0.0888132 9.9982E-005 0.000768344 0.111646 9.9982E-005 0.0126506 0.0388844 0.747037
0.00962221 9.9991E-005 0.0160155 0.0001148 0.0505846 0.0780726 0.0104855 0.835005
0.0133253 9.99551E-005 0.969499 9.99551E-005 0.0166757 9.99551E-005 9.99551E-005 9.99551E-005
9.994E-005 9.994E-005 0.9993 9.994E-005 9.994E-005 9.994E-005 9.994E-005 9.994E-005
0.0219137 0.0166758 0.929021 0.020929 9.9973E-005 0.0111605 9.9973E-005 9.9973E-005
9.9973E-005 9.9973E-005 0.964683 0.0140254 0.0111208 0.00838665 0.00148455 9.9973E-005
9.994E-005 9.994E-005 0.9993 9.994E-005 9.994E-005 9.994E-005 9.994E-005 9.994E-005
0.0416826 0.0468206 0.730044 0.0393575 0.0607682 0.0127864 0.0446449 0.0238955
9.99459E-005 9.99459E-005 0.997685 9.99459E-005 9.99459E-005 0.00171565 9.99459E-005 9.99459E-005
9.994E-005 9.994E-005 0.9993 9.994E-005 9.994E-005 9.994E-005 9.994E-005 9.994E-005
9.994E-005 9.994E-005 9.994E-005 0.9993 9.994E-005 9.994E-005 9.994E-005 9.994E-005
9.99459E-005 9.99459E-005 0.00791984 0.99148 9.99459E-005 9.99459E-005 9.99459E-005 9.99459E-005
9.994E-005 9.994E-005 9.994E-005 0.9993 9.994E-005 9.994E-005 9.994E-005 9.994E-005
9.9982E-005 9.9982E-005 0.00101976 0.0108673 0.0256783 0.102634 0.633906 0.225695
0.0329038 0.106554 0.0321877 0.236509 0.036789 0.132543 0.422413 9.9991E-005
9.999E-005 0.0331443 0.00193964 0.452227 0.03417 0.0427592 0.175032 0.260627
9.994E-005 0.9993 9.994E-005 9.994E-005 9.994E-005 9.994E-005 9.994E-005 9.994E-005
9.99729E-005 0.827058 0.0121642 9.99729E-005 9.99729E-005 0.0248832 0.111656 0.023938
9.994E-005 0.9993 9.994E-005 9.994E-005 9.994E-005 9.994E-005 9.994E-005 9.994E-005
9.9973E-005 0.817649 0.0285063 0.0880278 0.0268963 9.9973E-005 0.038621 9.9973E-005
9.9955E-005 0.0600469 9.9955E-005 9.9955E-005 0.0163544 9.9955E-005 9.9955E-005 0.923099
9.9973E-005 0.95797 0.00576612 9.9973E-005 0.0152916 0.0120116 0.00866049 9.9973E-005
9.994E-005 0.9993 9.994E-005 9.994E-005 9.994E-005 9.994E-005 9.994E-005 9.994E-005
0.0161261 0.93253 9.9964E-005 0.0258454 0.0250985 9.9964E-005 9.9964E-005 9.9964E-005
0.0459965 0.870815 9.9955E-005 9.9955E-005 9.9955E-005 9.9955E-005 0.0826886 9.9955E-005
9.9955E-005 0.937822 9.9955E-005 0.0186738 9.9955E-005 9.9955E-005 9.9955E-005 0.0430043
9.99549E-005 0.523472 9.99549E-005 9.99549E-005 0.0449926 9.99549E-005 9.99549E-005 0.431036
9.99459E-005 9.99459E-005 9.99459E-005 9.99459E-005 0.834186 9.99459E-005 9.99459E-005 0.165214
9.9955E-005 0.0551991 9.9955E-005 0.00934518 0.934956 9.9955E-005 9.9955E-005 9.9955E-005
9.9955E-005 9.9955E-005 9.9955E-005 0.0504192 0.911729 9.9955E-005 0.0373524 9.9955E-005
0.0182412 0.0069321 9.9991E-005 0.0541905 0.765425 0.0432474 0.0894483 0.0224151
0.108243 9.9964E-005 0.0154959 9.9964E-005 0.620159 9.9964E-005 9.9964E-005 0.255702
0.0195292 0.00661849 9.9973E-005 9.9973E-005 0.725424 9.9973E-005 0.0580402 0.190088
0.00435546 0.0288644 9.9964E-005 9.9964E-005 0.965006 0.00137413 9.9964E-005 9.9964E-005
9.9955E-005 9.9955E-005 9.9955E-005 9.9955E-005 0.770223 9.9955E-005 0.0384436 0.190834
9.99729E-005 9.99729E-005 0.024656 0.00458077 0.677163 9.99729E-005 0.0120315 0.281269
0.0721474 9.9964E-005 9.9964E-005 0.0103918 0.588792 9.9964E-005 9.9964E-005 0.328269
9.99461E-005 0.0118741 9.99461E-005 9.99461E-005 0.987526 9.99461E-005 9.99461E-005 9.99461E-005
0.203588 0.123959 0.0102714 0.05457 0.0229705 0.0437415 0.203735 0.337165
0.990536 9.9946E-005 0.00886478 9.9946E-005 9.9946E-005 9.9946E-005 9.9946E-005 9.9946E-005
9.994E-005 9.994E-005 9.994E-005 9.994E-005 9.994E-005 0.9993 9.994E-005 9.994E-005
0.9993 9.994E-005 9.994E-005 9.994E-005 9.994E-005 9.994E-005 9.994E-005 9.994E-005
9.9964E-005 9.9964E-005 0.00353064 0.0108639 9.9964E-005 0.978752 0.00645343 9.9964E-005
9.9946E-005 9.9946E-005 9.9946E-005 9.9946E-005 9.9946E-005 0.990794 0.00860678 9.9946E-005
9.994E-005 9.994E-005 9.994E-005 9.994E-005 9.994E-005 0.9993 9.994E-005 9.994E-005
0.377646 0.029988 0.00496288 0.00719774 9.9982E-005 0.45772 9.9982E-005 0.122285
0.9993 9.994E-005 9.994E-005 9.994E-005 9.994E-005 9.994E-005 9.994E-005 9.994E-005
9.9973E-005 0.000650898 0.000240327 0.00975442 9.9973E-005 9.9973E-005 0.981472 0.00758236
0.00757128 0.0499904 0.0141522 0.0438 0.0925105 0.0179443 0.773931 9.9991E-005
9.9973E-005 0.000982937 0.0150238 0.0655634 9.9973E-005 0.017312 0.900818 9.9973E-005
9.994E-005 9.994E-005 9.994E-005 9.994E-005 9.994E-005 9.994E-005 0.9993 9.994E-005
0.00799955 9.9955E-005 9.9955E-005 0.0520156 9.9955E-005 9.9955E-005 0.939485 9.9955E-005
9.9955E-005 9.9955E-005 0.0126597 0.0510458 9.9955E-005 9.9955E-005 0.935795 9.9955E-005
0.00099698 0.0181558 0.01618 0.064964 0.0167472 0.0172319 0.865624 9.9991E-005
0.00542656 0.00840789 9.9964E-005 0.0226214 9.9964E-005 9.9964E-005 0.963144 9.9964E-005
9.99459E-005 9.99459E-005 9.99459E-005 9.99459E-005 9.99459E-005 0.0467031 0.952697 9.99459E-005
9.994E-005 9.994E-005 9.994E-005 9.994E-005 9.994E-005 9.994E-005 0.9993 9.994E-005
9.9946E-005 9.9946E-005 9.9946E-005 9.9946E-005 0.0232227 9.9946E-005 0.976178 9.9946E-005
