0.759205 0.111422 9.9973E-005 0.129073 9.9973E-005 9.9973E-005
0.712809 0.142252 9.9973E-005 0.14464 9.9973E-005 9.9973E-005
0.581383 0.0860873 0.0127187 0.00319036 9.9991E-005 0.316521
0.754202 0.0384039 0.00798844 0.0388166 0.0321542 0.128435
0.744909 0.0557699 0.0121333 0.0848042 9.9991E-005 0.102283
0.801853 0.0921862 9.9982E-005 0.10102 9.9982E-005 0.00474017
0.768441 0.113669 9.9973E-005 0.11759 9.9973E-005 9.9973E-005
0.591008 0.111557 9.9991E-005 0.151239 0.000492467 0.145604
0.645476 0.0849318 0.0209573 0.144723 9.9991E-005 0.103812
0.6123 0.165031 9.9982E-005 0.0568408 9.9982E-005 0.165628
0.731576 0.160895 0.0116991 0.054926 9.9991E-005 0.0408042
0.0149158 9.9973E-005 0.970197 9.9973E-005 9.9973E-005 0.0145874
9.996E-005 9.996E-005 0.9995 9.996E-005 9.996E-005 9.996E-005
9.999E-005 0.0326608 0.929493 0.00882332 0.000877053 0.0280459
0.0201576 9.9982E-005 0.965539 9.9982E-005 0.0106991 0.00340456
9.996E-005 9.996E-005 0.9995 9.996E-005 9.996E-005 9.996E-005
0.0951005 0.0161477 0.736117 0.0685767 0.0839581 9.9991E-005
9.996E-005 9.996E-005 0.9995 9.996E-005 9.996E-005 9.996E-005
9.996E-005 9.996E-005 0.9995 9.996E-005 9.996E-005 9.996E-005
9.99639E-005 9.99639E-005 9.99639E-005 9.99639E-005 0.00901178 0.990588
9.9973E-005 9.9973E-005 0.00870848 0.00633126 9.9973E-005 0.98466
9.996E-005 9.996E-005 9.996E-005 9.996E-005 9.996E-005 0.9995
0.214417 0.130601 0.000550777 0.0322907 0.611906 0.0102346
0.0129919 0.185486 0.0294419 0.12091 0.456865 0.194306
0.214979 0.0502943 9.9991E-005 0.0687397 0.065241 0.600646
9.996E-005 9.996E-005 9.996E-005 0.9995 9.996E-005 9.996E-005
0.001157 0.028146 0.00784588 0.857054 0.102815 0.00298231
9.99639E-005 9.99639E-005 9.99639E-005 0.985954 0.0136459 9.99639E-005
9.9982E-005 9.9982E-005 0.0288138 0.849756 0.072877 0.0483529
0.7907 0.0629135 9.9973E-005 0.146087 9.9973E-005 9.9973E-005
9.9973E-005 9.9973E-005 0.00910087 0.986092 0.00450725 9.9973E-005
9.9964E-005 9.9964E-005 0.00255121 0.997049 9.9964E-005 9.9964E-005
9.9982E-005 0.00651477 0.00113173 0.937602 9.9982E-005 0.0545516
9.9973E-005 0.0122886 9.9973E-005 0.866233 0.121179 9.9973E-005
0.00995937 9.9973E-005 9.9973E-005 0.970052 9.9973E-005 0.0196884
0.423093 0.0162855 9.9973E-005 0.560322 9.9973E-005 9.9973E-005
0.933895 9.9973E-005 0.0103768 9.9973E-005 0.0554278 9.9973E-005
0.829865 9.9982E-005 0.0127301 0.0137549 0.14345 9.9982E-005
0.770242 9.9973E-005 0.00537442 9.9973E-005 0.224084 9.9973E-005
0.729715 0.00307427 0.00388761 9.9982E-005 0.263123 9.9982E-005
0.828761 0.0599632 0.0225291 9.9991E-005 0.0763994 0.0122474
0.828192 9.9964E-005 9.9964E-005 9.9964E-005 0.171408 9.9964E-005
0.86178 9.9973E-005 0.00663398 9.9973E-005 0.131286 9.9973E-005
0.850817 9.9964E-005 9.9964E-005 9.9964E-005 0.148783 9.9964E-005
0.869256 9.9973E-005 0.0241675 9.9973E-005 0.106277 9.9973E-005
0.872246 0.0270518 9.9982E-005 9.9982E-005 0.0734607 0.0270412
0.877388 9.99641E-005 9.99641E-005 9.99641E-005 0.122212 9.99641E-005
0.294951 0.236719 0.0138436 0.188147 0.12299 0.14335
0.111844 0.583262 0.021644 0.0530971 9.9991E-005 0.230053
9.996E-005 0.9995 9.996E-005 9.996E-005 9.996E-005 9.996E-005
0.0757728 0.625537 0.00565989 0.054129 9.9991E-005 0.238802
9.99729E-005 0.990232 0.00065684 9.99729E-005 0.00881169 9.99729E-005
9.996E-005 0.9995 9.996E-005 9.996E-005 9.996E-005 9.996E-005
9.996E-005 0.9995 9.996E-005 9.996E-005 9.996E-005 9.996E-005
0.115717 0.755531 0.00497053 0.0562582 9.9991E-005 0.0674232
0.112006 0.639883 9.9991E-005 0.0324455 0.0354252 0.18014
9.9973E-005 9.9973E-005 9.9973E-005 0.0131242 0.977969 0.00860703
0.063263 0.0335337 0.0144515 0.0680986 0.782026 0.0386275
9.9991E-005 0.0045415 0.00872017 0.00110044 0.906837 0.0787009
9.996E-005 9.996E-005 9.996E-005 9.996E-005 0.9995 9.996E-005
9.9964E-005 9.9964E-005 9.9964E-005 9.9964E-005 0.934489 0.0651113
9.9973E-005 9.9973E-005 0.0106616 9.9973E-005 0.891806 0.0972323
9.9991E-005 0.0365503 0.0173942 0.01851 0.835768 0.0916779
9.9964E-005 9.9964E-005 9.9964E-005 9.9964E-005 0.976875 0.0227254
9.9973E-005 0.0483233 0.00259546 9.9973E-005 0.948781 9.9973E-005
9.996E-005 9.996E-005 9.996E-005 9.996E-005 0.9995 9.996E-005
0.00298763 9.9973E-005 9.9973E-005 0.0187735 0.977939 9.9973E-005
