0.9553 0.0357167 9.9973E-005 9.9973E-005 0.00868304 9.9973E-005
0.889111 0.0533155 9.9973E-005 9.9973E-005 0.0572734 9.9973E-005
0.615235 9.9991E-005 0.0156478 0.130364 0.00630474 0.232349
0.887927 9.9964E-005 9.9964E-005 9.9964E-005 9.9964E-005 0.111673
0.904873 9.9973E-005 0.00473716 9.9973E-005 9.9973E-005 0.0900901
0.821067 0.0296884 9.9982E-005 0.13556 0.0134845 9.9982E-005
0.971198 9.9964E-005 9.9964E-005 9.9964E-005 0.0284022 9.9964E-005
0.602661 0.0667435 9.9991E-005 0.146948 0.0487929 0.134755
0.817713 0.0378368 0.0110423 9.9991E-005 0.00653587 0.126772
0.80673 9.9973E-005 9.9973E-005 9.9973E-005 0.0510582 0.141912
0.80731 9.9991E-005 0.0114737 0.0841507 0.0946361 0.0023298
9.9973E-005 0.00284194 0.97516 0.0216977 9.9973E-005 9.9973E-005
9.996E-005 9.996E-005 0.9995 9.996E-005 9.996E-005 9.996E-005
9.9982E-005 0.0153496 0.927094 9.9982E-005 0.0430181 0.0143379
0.0096668 9.9991E-005 0.965922 0.00861619 0.00280697 0.0128881
9.996E-005 9.996E-005 0.9995 9.996E-005 9.996E-005 9.996E-005
0.0382576 0.0613003 0.727142 0.0722803 0.0122572 0.0887626
9.996E-005 9.996E-005 0.9995 9.996E-005 9.996E-005 9.996E-005
9.996E-005 9.996E-005 0.9995 9.996E-005 9.996E-005 9.996E-005
0.173217 9.9964E-005 9.9964E-005 9.9964E-005 9.9964E-005 0.826384
0.227839 0.00463169 0.010753 9.9982E-005 9.9982E-005 0.756576
0.176757 9.9982E-005 0.008763 0.039406 9.9982E-005 0.774874
0.2218 0.00515152 0.00555502 0.0304389 0.108026 0.629028
0.00094688 0.119362 0.0242478 0.0544071 0.187184 0.613853
0.392545 0.042839 9.9982E-005 0.0194379 9.9982E-005 0.544978
9.996E-005 0.9995 9.996E-005 9.996E-005 9.996E-005 9.996E-005
0.0114193 0.841066 0.00692839 9.9991E-005 0.0320681 0.108419
9.9964E-005 0.996608 9.9964E-005 9.9964E-005 9.9964E-005 0.00299202
9.9982E-005 0.82469 0.0299243 0.0394279 9.9982E-005 0.105758
0.916244 0.0659443 9.9973E-005 0.0175118 9.9973E-005 9.9973E-005
9.9982E-005 0.97577 0.00355782 0.00860748 9.9982E-005 0.011865
9.9964E-005 0.996714 0.00288606 9.9964E-005 9.9964E-005 9.9964E-005
9.999E-005 0.95756 0.00176652 0.0250925 0.0064424 0.00903872
9.99653E-005 0.887659 9.99653E-005 9.99653E-005 9.99653E-005 0.111941
0.0496243 0.949976 9.9964E-005 9.9964E-005 9.9964E-005 9.9964E-005
0.446316 0.502927 9.9973E-005 0.0504577 9.9973E-005 9.9973E-005
0.14226 9.99639E-005 9.99639E-005 0.85734 9.99639E-005 9.99639E-005
9.9964E-005 0.0588715 9.9964E-005 0.940729 9.9964E-005 9.9964E-005
9.9964E-005 9.9964E-005 9.9964E-005 0.908445 9.9964E-005 0.0911552
0.045538 9.9982E-005 9.9982E-005 0.75243 0.0590234 0.142809
0.224285 9.9982E-005 0.0176396 0.671173 0.0867029 9.9982E-005
0.180082 9.9982E-005 9.9982E-005 0.744095 0.0227345 0.0528887
9.9964E-005 0.039451 9.9964E-005 0.960149 9.9964E-005 9.9964E-005
0.176758 9.9973E-005 9.9973E-005 0.790253 9.9973E-005 0.0326894
0.293236 9.9982E-005 0.024435 0.672296 9.9982E-005 0.00983251
0.346671 0.0127566 9.9982E-005 0.610086 0.0302865 9.9982E-005
9.9964E-005 0.00227012 9.9964E-005 0.99733 9.9964E-005 9.9964E-005
0.370225 0.148806 0.0144885 0.0261784 0.173039 0.267264
0.17216 0.0406573 0.0274332 0.0498638 0.542509 0.167377
9.996E-005 9.996E-005 9.996E-005 9.996E-005 0.9995 9.996E-005
0.168134 0.050608 9.9982E-005 9.9982E-005 0.593546 0.187512
9.996E-005 9.996E-005 9.996E-005 9.996E-005 0.9995 9.996E-005
9.996E-005 9.996E-005 9.996E-005 9.996E-005 0.9995 9.996E-005
9.996E-005 9.996E-005 9.996E-005 9.996E-005 0.9995 9.996E-005
0.152138 0.0519904 0.0108449 0.00685736 0.77807 9.9991E-005
0.137965 0.0349283 9.9991E-005 0.0501167 0.6162 0.16069
9.996E-005 9.996E-005 9.996E-005 9.996E-005 9.996E-005 0.9995
9.9991E-005 0.0465236 0.0108959 0.0810352 0.037404 0.824041
9.9973E-005 9.9973E-005 0.0149429 9.9973E-005 0.0031688 0.981588
9.996E-005 9.996E-005 9.996E-005 9.996E-005 9.996E-005 0.9995
9.996E-005 9.996E-005 9.996E-005 9.996E-005 9.996E-005 0.9995
9.9964E-005 9.9964E-005 0.0109629 9.9964E-005 9.9964E-005 0.988637
9.9991E-005 0.0148794 0.0110287 0.011963 0.0426154 0.919414
9.996E-005 9.996E-005 9.996E-005 9.996E-005 9.996E-005 0.9995
9.99639E-005 9.99639E-005 9.99639E-005 9.99639E-005 0.0327155 0.966885
9.996E-005 9.996E-005 9.996E-005 9.996E-005 9.996E-005 0.9995
9.9973E-005 0.0111085 9.9973E-005 0.00188034 9.9973E-005 0.986711
