9.9973E-005 0.00453142 9.9973E-005 0.0225011 0.00397624 0.968691 9.9973E-005
9.9964E-005 0.0603697 9.9964E-005 0.0495438 9.9964E-005 0.889687 9.9964E-005
0.266258 0.0233626 0.0153165 9.9991E-005 0.0280093 0.517108 0.149846
9.9955E-005 9.9955E-005 9.9955E-005 9.9955E-005 0.11574 0.88376 9.9955E-005
9.99549E-005 9.99549E-005 9.99549E-005 9.99549E-005 0.092352 0.907148 9.99549E-005
9.9973E-005 9.9973E-005 9.9973E-005 0.0290341 0.0159472 0.814488 0.140231
9.9964E-005 0.00193015 9.9964E-005 9.9964E-005 0.0156626 0.982007 9.9964E-005
0.0640787 0.0355732 9.9991E-005 0.0671299 0.0971735 0.592715 0.14323
0.0247604 0.0183621 0.0255581 0.0474927 0.0946725 0.778894 0.0102601
0.109628 0.0495354 9.9973E-005 9.9973E-005 0.0642563 0.776281 9.9973E-005
0.0126194 0.0762811 0.0152112 9.9991E-005 0.00341086 0.809346 0.0830319
0.000992531 9.9973E-005 0.977132 0.00870237 9.9973E-005 9.9973E-005 0.0128727
9.995E-005 9.995E-005 0.9994 9.995E-005 9.995E-005 9.995E-005 9.995E-005
0.0126642 0.0519717 0.919003 0.0160609 9.9973E-005 9.9973E-005 9.9973E-005
9.9973E-005 9.9973E-005 0.963651 9.9973E-005 0.017329 0.00649038 0.0122298
9.995E-005 9.995E-005 0.9994 9.995E-005 9.995E-005 9.995E-005 9.995E-005
0.0535985 0.0111696 0.727358 0.0606704 0.0417358 0.0313402 0.0741277
9.995E-005 9.995E-005 0.9994 9.995E-005 9.995E-005 9.995E-005 9.995E-005
9.995E-005 9.995E-005 0.9994 9.995E-005 9.995E-005 9.995E-005 9.995E-005
0.991841 9.99549E-005 9.99549E-005 9.99549E-005 0.00765941 9.99549E-005 9.99549E-005
0.981391 9.99639E-005 0.0071472 0.011062 9.99639E-005 9.99639E-005 9.99639E-005
0.9994 9.995E-005 9.995E-005 9.995E-005 9.995E-005 9.995E-005 9.995E-005
0.000369247 0.0974499 0.00722523 0.000301185 0.627658 0.229932 0.0370643
0.180532 0.162388 0.0272507 0.0986309 0.493939 0.0053498 0.0319098
0.387877 9.9982E-005 9.9982E-005 0.0273024 0.24308 0.316187 0.025354
9.995E-005 9.995E-005 9.995E-005 0.9994 9.995E-005 9.995E-005 9.995E-005
9.9982E-005 0.0145115 0.0121995 0.83759 0.100303 0.0351964 9.9982E-005
9.99549E-005 9.99549E-005 9.99549E-005 0.989678 0.00982194 9.99549E-005 9.99549E-005
0.028989 9.9982E-005 0.0227554 0.837409 0.0785106 9.9982E-005 0.0321363
9.9964E-005 9.9964E-005 9.9964E-005 0.073141 9.9964E-005 0.919113 0.00734583
9.99774E-005 9.99774E-005 0.00748628 0.971108 0.00480891 9.99774E-005 0.0162971
9.9955E-005 9.9955E-005 0.003246 0.996254 9.9955E-005 9.9955E-005 9.9955E-005
0.0354242 9.9964E-005 9.9964E-005 0.941783 9.9964E-005 9.9964E-005 0.0223934
0.019541 0.00403131 9.9973E-005 0.884308 0.0918197 9.9973E-005 9.9973E-005
0.0302536 9.9964E-005 9.9964E-005 0.934535 9.9964E-005 0.0348116 9.9964E-005
9.9964E-005 9.9964E-005 9.9964E-005 0.514744 9.9964E-005 0.41708 0.0677763
9.99549E-005 9.99549E-005 9.99549E-005 9.99549E-005 9.99549E-005 0.169584 0.829916
0.00678681 9.9964E-005 9.9964E-005 0.0524858 9.9964E-005 9.9964E-005 0.940327
0.0541973 9.9964E-005 9.9964E-005 9.9964E-005 0.0432002 9.9964E-005 0.902203
0.0304783 0.053314 9.9991E-005 0.000248169 0.125253 0.0365818 0.754024
0.00177968 0.0651558 0.0234037 9.998E-005 9.998E-005 0.241408 0.668053
9.9973E-005 0.00354837 9.9973E-005 9.9973E-005 0.062226 0.215759 0.718167
0.00629068 0.00548902 9.9973E-005 0.0337022 9.9973E-005 9.9973E-005 0.954218
9.9964E-005 9.9964E-005 9.9964E-005 9.9964E-005 0.049614 0.199861 0.750125
9.99729E-005 9.99729E-005 0.0290707 9.99729E-005 0.00979742 0.299187 0.661645
0.0443229 0.0156307 9.9982E-005 0.00636999 9.9982E-005 0.34073 0.592747
9.99551E-005 9.99551E-005 9.99551E-005 0.0135407 9.99551E-005 9.99551E-005 0.98596
0.173084 0.16544 0.0123012 0.15774 0.122877 0.330006 0.0385517
0.273602 0.536105 0.0167343 0.043837 9.9991E-005 0.0865472 0.0430743
9.995E-005 0.9994 9.995E-005 9.995E-005 9.995E-005 9.995E-005 9.995E-005
0.289628 0.563125 9.9973E-005 0.0411637 9.9973E-005 0.105783 9.9973E-005
9.99639E-005 0.982725 0.0013067 9.99639E-005 0.0155685 9.99639E-005 9.99639E-005
9.995E-005 0.9994 9.995E-005 9.995E-005 9.995E-005 9.995E-005 9.995E-005
9.995E-005 0.9994 9.995E-005 9.995E-005 9.995E-005 9.995E-005 9.995E-005
0.0963308 0.719826 0.00418787 0.0249884 9.9982E-005 0.154467 9.9982E-005
0.252187 0.583413 9.9982E-005 0.0381112 9.9982E-005 0.0869634 0.0391259
0.0215039 9.9964E-005 9.9964E-005 9.9964E-005 0.975255 0.00284127 9.9964E-005
0.0542769 0.0501119 0.0115217 0.0442284 0.756946 9.9991E-005 0.0828147
0.0754487 9.9973E-005 0.0167164 0.00333916 0.904196 9.9973E-005 9.9973E-005
9.995E-005 9.995E-005 9.995E-005 9.995E-005 0.9994 9.995E-005 9.995E-005
0.0751316 9.9955E-005 9.9955E-005 9.9955E-005 0.924369 9.9955E-005 9.9955E-005
0.0852516 9.9964E-005 0.00826048 9.9964E-005 0.906088 9.9964E-005 9.9964E-005
0.0812927 0.0347612 0.0160526 0.0193373 0.838496 9.9991E-005 0.0099604
0.0093929 9.9964E-005 9.9964E-005 0.00521064 0.984997 9.9964E-005 9.9964E-005
9.9964E-005 0.0269821 0.00082996 9.9964E-005 0.971788 9.9964E-005 9.9964E-005
9.995E-005 9.995E-005 9.995E-005 9.995E-005 0.9994 9.995E-005 9.995E-005
9.9964E-005 9.9964E-005 9.9964E-005 0.013631 0.977534 9.9964E-005 0.00843513
