9.9964E-005 0.000913009 9.9964E-005 0.0856419 0.913045 9.9964E-005 9.9964E-005
0.00103733 0.0358855 0.0123548 0.070325 0.880197 9.9982E-005 9.9982E-005
0.009028 9.9982E-005 9.9982E-005 0.0745657 0.545615 0.204525 0.166067
9.9955E-005 9.9955E-005 9.9955E-005 9.9955E-005 0.880384 0.119116 9.9955E-005
0.00585337 9.99639E-005 9.99639E-005 9.99639E-005 0.904466 0.0892809 9.99639E-005
9.9973E-005 0.0250243 0.028956 9.9973E-005 0.813977 9.9973E-005 0.131742
9.9955E-005 9.9955E-005 9.9955E-005 0.0864661 0.913034 9.9955E-005 9.9955E-005
9.9982E-005 0.0733273 0.0490986 9.9982E-005 0.612163 0.149492 0.115719
0.01963 0.0454067 0.0270119 9.9991E-005 0.785571 0.114157 0.00812296
9.9973E-005 9.9973E-005 0.0115299 0.0763923 0.780825 0.130953 9.9973E-005
0.0176603 9.9991E-005 0.0714855 0.0212008 0.791508 0.0175041 0.0805415
0.968472 9.9964E-005 9.9964E-005 0.0266753 9.9964E-005 9.9964E-005 0.00445326
0.9994 9.995E-005 9.995E-005 9.995E-005 9.995E-005 9.995E-005 9.995E-005
0.927744 0.00972131 0.0292512 0.0155471 9.9982E-005 9.9982E-005 0.0175369
0.96757 9.9964E-005 9.9964E-005 0.0147302 0.0172999 9.9964E-005 9.9964E-005
0.9994 9.995E-005 9.995E-005 9.995E-005 9.995E-005 9.995E-005 9.995E-005
0.721193 0.0668334 0.0157838 0.019519 0.0133926 0.0821956 0.0810824
0.9994 9.995E-005 9.995E-005 9.995E-005 9.995E-005 9.995E-005 9.995E-005
0.9994 9.995E-005 9.995E-005 9.995E-005 9.995E-005 9.995E-005 9.995E-005
9.9964E-005 9.9964E-005 9.9964E-005 0.0232735 0.162789 0.813538 9.9964E-005
0.0118593 0.0542283 9.9982E-005 0.0318453 0.183352 0.718515 9.9982E-005
0.00669218 9.9982E-005 9.9982E-005 0.05556 0.14749 0.763421 0.0266361
9.9982E-005 0.00445453 0.115997 9.9982E-005 0.202936 0.639228 0.0371842
0.0310094 0.102948 0.116901 0.0901612 0.00376564 0.609327 0.0458872
0.00195754 0.0370822 9.9982E-005 9.9982E-005 0.391527 0.553884 0.0153492
9.995E-005 0.9994 9.995E-005 9.995E-005 9.995E-005 9.995E-005 9.995E-005
0.000196749 0.852338 0.0224139 9.9982E-005 0.0273468 0.0975043 9.9982E-005
9.99549E-005 0.990902 9.99549E-005 9.99549E-005 9.99549E-005 0.00859821 9.99549E-005
0.0241969 0.846471 9.9973E-005 9.9973E-005 9.9973E-005 0.0869586 0.0420736
9.9964E-005 0.0438603 9.9964E-005 9.9964E-005 0.953834 9.9964E-005 0.001906
0.00517672 0.983526 0.00990177 9.9973E-005 9.9973E-005 9.9973E-005 0.00109557
0.000873338 0.998627 9.9955E-005 9.9955E-005 9.9955E-005 9.9955E-005 9.9955E-005
0.000822654 0.929544 9.9973E-005 0.0511481 9.9973E-005 9.9973E-005 0.0181854
9.9964E-005 0.865349 9.9964E-005 0.0392105 9.9964E-005 0.0950411 9.9964E-005
9.99551E-005 0.967447 9.99551E-005 9.99551E-005 0.032053 9.99551E-005 9.99551E-005
9.99639E-005 0.508733 9.99639E-005 9.99639E-005 0.428208 9.99639E-005 0.0626587
0.000350495 9.99639E-005 9.99639E-005 9.99639E-005 0.148866 9.99639E-005 0.850384
0.000624785 0.0693539 0.0037957 9.9973E-005 9.9973E-005 9.9973E-005 0.925926
9.9955E-005 9.9955E-005 9.9955E-005 9.9955E-005 9.9955E-005 0.0861149 0.913385
9.999E-005 0.00761301 0.0453881 0.0253215 0.0202851 0.125096 0.776197
0.0151727 9.9982E-005 0.0125089 0.111911 0.214018 9.9982E-005 0.64619
9.9973E-005 9.9973E-005 9.9973E-005 0.033128 0.210234 0.0534741 0.702864
9.9964E-005 0.0277111 9.9964E-005 0.0163665 9.9964E-005 9.9964E-005 0.955523
9.9964E-005 9.9964E-005 9.9964E-005 9.9964E-005 0.209667 0.0376327 0.752301
0.0245999 0.00433332 9.9982E-005 9.9982E-005 0.292796 0.0163582 0.661713
9.9964E-005 9.9964E-005 9.9964E-005 0.0815736 0.338296 9.9964E-005 0.579731
9.995E-005 9.995E-005 9.995E-005 9.995E-005 9.995E-005 9.995E-005 0.9994
0.0160555 0.142286 0.0486985 0.241928 0.302455 0.211092 0.0374853
0.00864918 9.9955E-005 9.9955E-005 0.990851 9.9955E-005 9.9955E-005 9.9955E-005
9.995E-005 9.995E-005 0.9994 9.995E-005 9.995E-005 9.995E-005 9.995E-005
9.995E-005 9.995E-005 9.995E-005 0.9994 9.995E-005 9.995E-005 9.995E-005
0.00681673 9.9973E-005 0.978451 9.9973E-005 0.00072864 0.013704 9.9973E-005
9.9955E-005 9.9955E-005 0.996132 9.9955E-005 9.9955E-005 0.00336802 9.9955E-005
9.995E-005 9.995E-005 0.9994 9.995E-005 9.995E-005 9.995E-005 9.995E-005
0.00750185 0.043823 0.431611 0.398206 0.118658 9.9982E-005 9.9982E-005
9.995E-005 9.995E-005 9.995E-005 0.9994 9.995E-005 9.995E-005 9.995E-005
9.995E-005 9.995E-005 9.995E-005 9.995E-005 9.995E-005 0.9994 9.995E-005
0.00816032 0.0561386 0.0320405 9.9982E-005 9.9982E-005 0.804376 0.0990843
0.00856674 9.9964E-005 0.0139512 9.9964E-005 9.9964E-005 0.977082 9.9964E-005
9.995E-005 9.995E-005 9.995E-005 9.995E-005 9.995E-005 0.9994 9.995E-005
9.9955E-005 9.9955E-005 9.9955E-005 0.00139007 9.9955E-005 0.99811 9.9955E-005
0.0108155 9.9955E-005 9.9955E-005 9.9955E-005 9.9955E-005 0.988685 9.9955E-005
0.0077637 0.00382472 0.0483644 9.9982E-005 9.9982E-005 0.929368 0.010479
9.995E-005 9.995E-005 9.995E-005 9.995E-005 9.995E-005 0.9994 9.995E-005
9.99549E-005 9.99549E-005 0.0430763 9.99549E-005 9.99549E-005 0.956424 9.99549E-005
9.995E-005 9.995E-005 9.995E-005 9.995E-005 9.995E-005 0.9994 9.995E-005
9.9964E-005 0.00479217 0.00770539 9.9964E-005 9.9964E-005 0.987103 9.9964E-005
