0.9998 9.999E-005 9.999E-005
0.994805 0.0050951 9.9991E-005
0.766109 0.0213687 0.212522
0.871665 0.0179741 0.110361
0.906761 0.0195725 0.073666
0.992577 0.00732286 9.9991E-005
0.9998 9.999E-005 9.999E-005
0.836234 9.9991E-005 0.163666
0.860736 0.0194721 0.119792
0.847865 0.00313594 0.148999
0.962035 0.0164471 0.0215184
0.0168958 0.972522 0.0105821
9.999E-005 0.9998 9.999E-005
0.039007 0.927398 0.0335947
0.0127032 0.966749 0.0205475
9.999E-005 0.9998 9.999E-005
0.144311 0.739004 0.116685
9.999E-005 0.9998 9.999E-005
9.999E-005 0.9998 9.999E-005
0.158589 9.9991E-005 0.841311
0.207978 0.014068 0.777954
0.203768 0.0114066 0.784826
0.272365 0.00912152 0.718513
0.196107 0.0302472 0.773645
0.426353 0.00136514 0.572282
0.654984 9.9991E-005 0.344916
0.590546 9.9991E-005 0.409354
0.648258 9.9991E-005 0.351642
0.593689 0.0118832 0.394428
0.9998 9.999E-005 9.999E-005
0.659743 9.9991E-005 0.340157
0.686628 9.9991E-005 0.313272
0.655607 9.9991E-005 0.344293
0.559074 9.9991E-005 0.440826
0.685982 9.9991E-005 0.313918
0.914986 9.9991E-005 0.0849142
0.958304 0.02667 0.0150264
0.850331 0.0240437 0.125625
0.730035 0.0372531 0.232712
0.724422 0.01579 0.259788
0.874011 0.0381735 0.0878152
0.856576 0.00325866 0.140165
0.872653 0.0230905 0.104257
0.89963 9.9991E-005 0.10027
0.890462 0.0394014 0.0701364
0.926518 0.00930345 0.0641782
0.878272 0.0280723 0.0936552
0.601335 0.00914777 0.389518
0.557779 0.0166089 0.425612
0.550027 0.00202049 0.447952
0.535782 9.9991E-005 0.464118
0.529499 0.00264231 0.467859
0.525692 9.9991E-005 0.474208
0.545613 9.9991E-005 0.454287
0.644016 0.00606089 0.349923
0.538251 9.9991E-005 0.461649
9.999E-005 9.999E-005 0.9998
0.0898999 0.0202459 0.889854
9.9991E-005 0.0125903 0.98731
9.999E-005 9.999E-005 0.9998
9.999E-005 9.999E-005 0.9998
9.9991E-005 0.0102587 0.989641
9.9991E-005 0.015574 0.984326
9.999E-005 9.999E-005 0.9998
9.999E-005 9.999E-005 0.9998
9.999E-005 9.999E-005 0.9998
9.999E-005 9.999E-005 0.9998
