0.00478112 0.00190885 9.9964E-005 0.0118212 9.9964E-005 9.9964E-005 0.981089 9.9964E-005
0.0441977 0.0523564 9.9964E-005 9.9964E-005 9.9964E-005 9.9964E-005 0.885657 0.0173886
9.9982E-005 0.0110191 0.147372 0.0671308 0.0217532 0.214246 0.53828 9.9982E-005
9.9964E-005 9.9964E-005 9.9964E-005 0.118133 0.00549838 9.9964E-005 0.873915 0.00205366
9.99549E-005 9.99549E-005 9.99549E-005 0.0944018 0.00814734 9.99549E-005 0.896951 9.99549E-005
0.038049 9.9964E-005 0.15049 9.9964E-005 9.9964E-005 9.9964E-005 0.799238 0.0118237
9.9946E-005 9.9946E-005 9.9946E-005 0.0178841 9.9946E-005 9.9946E-005 0.981516 9.9946E-005
0.0878614 0.0254034 0.157318 0.0921904 9.9982E-005 0.0572059 0.579821 9.9982E-005
0.0480159 9.99819E-005 0.0131637 0.0973941 0.02171 0.0459408 0.773576 9.99819E-005
9.9973E-005 0.0509151 9.9973E-005 0.055763 9.9973E-005 0.112748 0.778542 0.00173189
9.9982E-005 0.0700707 0.0766871 9.9982E-005 0.0129718 0.0326751 0.806426 0.000968928
0.00720239 9.9982E-005 0.0175031 9.9982E-005 0.961458 0.00700804 0.00373964 0.00288907
9.994E-005 9.994E-005 9.994E-005 9.994E-005 0.9993 9.994E-005 9.994E-005 9.994E-005
0.0179582 0.0164879 0.0113081 9.9982E-005 0.916792 0.0336951 9.9982E-005 0.00355917
9.997E-005 9.997E-005 0.0103349 0.0144881 0.942365 9.997E-005 0.0163195 0.0161924
9.994E-005 9.994E-005 9.994E-005 9.994E-005 0.9993 9.994E-005 9.994E-005 9.994E-005
9.994E-005 9.994E-005 9.994E-005 9.994E-005 9.994E-005 9.994E-005 9.994E-005 0.9993
9.99459E-005 0.00218279 9.99459E-005 9.99459E-005 0.997218 9.99459E-005 9.99459E-005 9.99459E-005
9.994E-005 9.994E-005 9.994E-005 9.994E-005 0.9993 9.994E-005 9.994E-005 9.994E-005
9.99459E-005 9.99459E-005 9.99459E-005 0.00535716 9.99459E-005 0.994043 9.99459E-005 9.99459E-005
0.00143013 9.99549E-005 9.99549E-005 9.99549E-005 0.00393772 0.994132 9.99549E-005 9.99549E-005
9.994E-005 9.994E-005 9.994E-005 9.994E-005 9.994E-005 0.9993 9.994E-005 9.994E-005
9.9982E-005 0.0972253 0.0258607 0.615326 9.9982E-005 0.0238718 0.225815 0.011701
0.116322 0.177139 0.0101588 0.45527 0.0182055 0.216965 9.9991E-005 0.00584057
0.0303749 0.00125369 0.0108446 0.215301 9.9991E-005 0.415484 0.305378 0.0212641
0.9993 9.994E-005 9.994E-005 9.994E-005 9.994E-005 9.994E-005 9.994E-005 9.994E-005
0.839701 0.0322478 9.99729E-005 0.101889 0.00936636 9.99729E-005 0.0164957 9.99729E-005
0.990252 9.99459E-005 9.99459E-005 0.00914863 9.99459E-005 9.99459E-005 9.99459E-005 9.99459E-005
0.829455 9.9982E-005 0.0304167 0.0473621 0.00937451 0.0633416 9.9982E-005 0.0198499
0.0539182 9.99551E-005 0.02996 9.99551E-005 9.99551E-005 9.99551E-005 0.915622 9.99551E-005
0.977333 9.9964E-005 0.00928911 0.00551263 0.00746546 9.9964E-005 9.9964E-005 9.9964E-005
0.9993 9.994E-005 9.994E-005 9.994E-005 9.994E-005 9.994E-005 9.994E-005 9.994E-005
0.930908 9.9955E-005 0.0262237 9.9955E-005 9.9955E-005 0.0423685 9.9955E-005 9.9955E-005
0.880821 0.00982478 9.9964E-005 0.0974594 9.9964E-005 0.0114949 9.9964E-005 9.9964E-005
0.930069 9.9955E-005 9.9955E-005 9.9955E-005 9.9955E-005 0.0276135 0.0418175 9.9955E-005
0.507203 9.99549E-005 0.0843433 9.99549E-005 9.99549E-005 9.99549E-005 0.407954 9.99549E-005
9.99459E-005 9.99459E-005 0.831523 9.99459E-005 9.99459E-005 9.99459E-005 0.167877 9.99459E-005
0.0420535 9.9955E-005 0.942354 9.9955E-005 9.9955E-005 0.0150923 9.9955E-005 9.9955E-005
9.9955E-005 9.9955E-005 0.904323 0.0366814 9.9955E-005 0.058496 9.9955E-005 9.9955E-005
0.0020717 0.0440271 0.755121 0.121977 9.9991E-005 0.0278641 0.048089 0.000749189
9.9982E-005 0.0612914 0.672567 9.9982E-005 0.0185739 0.0236267 0.221968 0.00177253
0.00753088 9.9964E-005 0.717385 0.0577052 9.9964E-005 9.9964E-005 0.216979 9.9964E-005
0.0389841 0.00411488 0.95573 9.9964E-005 9.9964E-005 9.9964E-005 9.9964E-005 0.000771616
9.9955E-005 9.9955E-005 0.747318 0.0489966 9.9955E-005 9.9955E-005 0.203185 9.9955E-005
9.99639E-005 9.99639E-005 0.658263 0.0192179 0.0258689 9.99639E-005 0.29625 9.99639E-005
0.00665465 0.0104511 0.582041 9.9973E-005 9.9973E-005 0.0234283 0.377125 9.9973E-005
0.00142835 9.99461E-005 0.997972 9.99461E-005 9.99461E-005 9.99461E-005 9.99461E-005 9.99461E-005
0.140397 0.172745 0.0161588 0.159373 9.9991E-005 0.133052 0.353313 0.0248606
0.05104 0.511999 0.051403 0.0151422 0.0289412 0.238407 0.102967 9.9991E-005
9.994E-005 0.9993 9.994E-005 9.994E-005 9.994E-005 9.994E-005 9.994E-005 9.994E-005
0.0335421 0.544081 9.9964E-005 9.9964E-005 9.9964E-005 0.280587 0.14139 9.9964E-005
9.994E-005 0.9993 9.994E-005 9.994E-005 9.994E-005 9.994E-005 9.994E-005 9.994E-005
9.994E-005 0.9993 9.994E-005 9.994E-005 9.994E-005 9.994E-005 9.994E-005 9.994E-005
9.994E-005 0.9993 9.994E-005 9.994E-005 9.994E-005 9.994E-005 9.994E-005 9.994E-005
0.0282973 0.728063 0.0194581 9.9982E-005 0.0108617 0.0695665 0.143553 9.9982E-005
0.025561 0.609081 0.0365708 9.9973E-005 9.9973E-005 0.235876 0.0926114 9.9973E-005
9.9946E-005 9.9946E-005 9.9946E-005 0.981689 9.9946E-005 0.0177114 9.9946E-005 9.9946E-005
0.0597888 0.0157115 0.0794671 0.786243 0.00143111 0.0459854 9.9991E-005 0.0112731
0.00263658 9.9973E-005 9.9973E-005 0.895019 0.00426788 0.0851956 9.9973E-005 0.0125805
9.994E-005 9.994E-005 9.994E-005 0.9993 9.994E-005 9.994E-005 9.994E-005 9.994E-005
9.9946E-005 9.9946E-005 9.9946E-005 0.937727 9.9946E-005 0.0616728 9.9946E-005 9.9946E-005
9.9955E-005 9.9955E-005 9.9955E-005 0.892625 0.013954 0.0929216 9.9955E-005 9.9955E-005
0.0202203 0.0147354 0.00465048 0.858027 0.00114661 0.0834663 9.9991E-005 0.0176534
0.00842373 9.9955E-005 9.9955E-005 0.986861 9.9955E-005 9.9955E-005 9.9955E-005 0.00421588
9.99459E-005 0.049552 9.99459E-005 0.949848 9.99459E-005 9.99459E-005 9.99459E-005 9.99459E-005
9.994E-005 9.994E-005 9.994E-005 0.9993 9.994E-005 9.994E-005 9.994E-005 9.994E-005
9.9946E-005 9.9946E-005 0.0206543 0.978746 9.9946E-005 9.9946E-005 9.9946E-005 9.9946E-005
