9.9982E-005 9.9982E-005 0.148856 0.850944
9.9982E-005 9.9982E-005 0.157825 0.841975
0.224744 0.0120799 0.0401212 0.723055
0.112335 0.0131627 0.0251766 0.849326
0.0596108 0.0157178 0.0789431 0.845728
9.9982E-005 9.9982E-005 0.0937138 0.906086
9.9982E-005 9.9982E-005 0.121533 0.878267
0.128949 9.9991E-005 0.140547 0.730404
0.081145 0.0168239 0.15124 0.750792
0.137126 9.9991E-005 0.0737165 0.789058
0.00266204 0.0118946 0.117524 0.867919
0.00987168 0.979623 0.00203485 0.00847007
9.998E-005 0.9997 9.998E-005 9.998E-005
0.0297461 0.925353 0.0273537 0.0175474
0.0222282 0.956306 9.9991E-005 0.0213661
9.998E-005 0.9997 9.998E-005 9.998E-005
0.0954499 0.728334 0.0598456 0.11637
9.998E-005 0.9997 9.998E-005 9.998E-005
9.998E-005 0.9997 9.998E-005 9.998E-005
0.825634 9.9991E-005 0.0207876 0.153479
0.725957 0.0132056 0.0899782 0.17086
0.76694 0.00631059 0.0434828 0.183267
0.690778 0.00511692 0.0282785 0.275827
0.71966 0.0316585 0.143574 0.105108
0.514183 9.9991E-005 0.0818198 0.403897
9.998E-005 9.998E-005 0.9997 9.998E-005
0.124895 0.0107042 0.864301 9.9991E-005
9.998E-005 9.998E-005 0.9997 9.998E-005
0.112602 0.028006 0.859292 9.9991E-005
9.9982E-005 9.9982E-005 0.110874 0.888926
9.998E-005 9.998E-005 0.9997 9.998E-005
9.998E-005 9.998E-005 0.9997 9.998E-005
0.0187025 0.00469987 0.976498 9.9991E-005
0.126447 9.9982E-005 0.873353 9.9982E-005
0.011765 0.000628247 0.976446 0.0111612
9.9982E-005 9.9982E-005 0.549603 0.450197
0.010071 0.0237186 9.9991E-005 0.96611
0.107997 0.016779 0.0348425 0.840382
0.211079 0.0105409 9.9991E-005 0.77828
0.244399 0.00294239 9.9991E-005 0.752559
0.0763555 0.022314 9.9991E-005 0.901231
0.146762 9.9982E-005 9.9982E-005 0.853038
0.0997665 0.00868835 9.9991E-005 0.891445
0.122876 9.9982E-005 9.9982E-005 0.876924
0.0740234 0.0330691 9.9991E-005 0.892808
0.0753993 9.9991E-005 0.00451416 0.919987
0.0992045 0.0157461 9.9991E-005 0.884949
0.317225 0.00874627 0.21583 0.458199
0.408199 0.0115196 0.140952 0.439329
0.388601 0.00493894 0.166216 0.440244
0.420748 9.9991E-005 0.132834 0.446318
0.418985 0.00441836 0.131887 0.44471
0.428646 9.9991E-005 0.124443 0.446811
0.407212 9.9991E-005 0.137825 0.454863
0.273071 0.00859271 0.210364 0.507972
0.411165 9.9991E-005 0.14656 0.442174
0.9997 9.998E-005 9.998E-005 9.998E-005
0.862283 0.0167403 0.0473717 0.0736049
0.984651 0.0151489 9.9982E-005 9.9982E-005
0.9997 9.998E-005 9.998E-005 9.998E-005
0.9997 9.998E-005 9.998E-005 9.998E-005
0.989162 0.0106383 9.9982E-005 9.9982E-005
0.955768 0.0198721 0.0242595 9.9991E-005
0.9997 9.998E-005 9.998E-005 9.998E-005
0.9997 9.998E-005 9.998E-005 9.998E-005
0.9997 9.998E-005 9.998E-005 9.998E-005
0.9997 9.998E-005 9.998E-005 9.998E-005
