0.144807 0.854993 9.9982E-005 9.9982E-005
0.162649 0.837151 9.9982E-005 9.9982E-005
0.0463739 0.7296 0.00865589 0.215371
0.041055 0.841028 0.0128655 0.105051
0.0984549 0.834287 0.0152594 0.0519992
0.105747 0.894053 9.9982E-005 9.9982E-005
0.137307 0.862493 9.9982E-005 9.9982E-005
0.139531 0.734596 9.9991E-005 0.125773
0.164212 0.739939 0.0244477 0.0714022
0.0912343 0.782431 0.000326677 0.126008
0.0982387 0.88781 0.0138512 9.9991E-005
0.0103492 9.9982E-005 0.989451 9.9982E-005
9.998E-005 9.998E-005 0.9997 9.998E-005
0.0294665 0.00884829 0.933319 0.028366
0.00297812 0.0267544 0.959009 0.0112582
9.998E-005 9.998E-005 0.9997 9.998E-005
0.0777406 0.108203 0.723242 0.0908147
9.998E-005 9.998E-005 0.9997 9.998E-005
9.998E-005 9.998E-005 0.9997 9.998E-005
0.021594 0.162301 9.9991E-005 0.816005
0.0773331 0.16909 0.01156 0.742017
0.00976648 0.190201 0.00900212 0.79103
0.0497225 0.263137 0.00720987 0.679931
0.140312 0.116471 0.0238901 0.719327
0.0957194 0.390782 9.9991E-005 0.513399
0.9997 9.998E-005 9.998E-005 9.998E-005
0.862554 0.00298724 0.00812045 0.126338
0.9997 9.998E-005 9.998E-005 9.998E-005
0.861801 9.9991E-005 0.0289677 0.109131
0.146172 0.853628 9.9982E-005 9.9982E-005
0.973447 9.9991E-005 0.0109398 0.0155131
0.9997 9.998E-005 9.998E-005 9.998E-005
0.976549 9.9991E-005 0.000188823 0.0231623
0.891458 9.9982E-005 9.9982E-005 0.108342
0.99803 9.9982E-005 9.9982E-005 0.00176955
0.549839 0.449961 9.9982E-005 9.9982E-005
9.9991E-005 0.972521 0.0169442 0.0104349
0.0141752 0.85498 0.0234079 0.107437
9.9991E-005 0.797572 0.00577619 0.196551
9.9982E-005 0.753346 9.9982E-005 0.246454
9.9991E-005 0.89943 0.0253593 0.075111
9.9982E-005 0.860983 9.9982E-005 0.138817
9.9991E-005 0.899686 0.0128571 0.0873567
9.9982E-005 0.896097 9.9982E-005 0.103703
9.9991E-005 0.900812 0.0279935 0.0710949
9.9982E-005 0.941409 9.9982E-005 0.0583915
9.9991E-005 0.905172 0.0146562 0.080072
0.216065 0.457052 0.0100457 0.316838
0.147257 0.41836 0.0224681 0.411915
0.172151 0.429188 0.00634257 0.392318
0.156023 0.428304 9.9991E-005 0.415573
0.159055 0.436568 9.9991E-005 0.404277
0.174769 0.412825 9.9991E-005 0.412306
0.170545 0.433406 9.9991E-005 0.395949
0.215378 0.499401 0.00585802 0.279363
0.131273 0.455891 9.9991E-005 0.412736
9.998E-005 9.998E-005 9.998E-005 0.9997
0.061599 0.0651615 0.0107454 0.862494
9.9982E-005 9.9982E-005 0.0138951 0.985905
9.998E-005 9.998E-005 9.998E-005 0.9997
9.998E-005 9.998E-005 9.998E-005 0.9997
9.9982E-005 9.9982E-005 0.0111996 0.9886
0.026379 9.9991E-005 0.0177999 0.955721
9.998E-005 9.998E-005 9.998E-005 0.9997
9.998E-005 9.998E-005 9.998E-005 0.9997
9.998E-005 9.998E-005 9.998E-005 0.9997
0.00447292 9.9982E-005 9.9982E-005 0.995327
