9.994E-005 9.994E-005 0.9993 9.994E-005 9.994E-005 9.994E-005 9.994E-005 9.994E-005
0.0590645 9.9946E-005 9.9946E-005 9.9946E-005 9.9946E-005 0.940336 9.9946E-005 9.9946E-005
0.122162 9.9982E-005 0.0722696 0.139401 0.143429 0.513825 0.00871358 9.9982E-005
9.994E-005 9.994E-005 9.994E-005 9.994E-005 9.994E-005 0.9993 9.994E-005 9.994E-005
9.994E-005 9.994E-005 9.994E-005 9.994E-005 9.994E-005 0.9993 9.994E-005 9.994E-005
9.9982E-005 0.00578191 0.558306 0.139391 9.9982E-005 0.263592 0.00390478 0.0288241
9.994E-005 9.994E-005 0.9993 9.994E-005 9.994E-005 9.994E-005 9.994E-005 9.994E-005
9.9982E-005 0.0640642 0.468057 0.133207 0.113803 0.17987 9.9982E-005 0.040799
9.999E-005 0.0479855 0.0947227 0.020589 0.0537881 0.738232 0.0119484 0.0326342
0.0441252 9.9973E-005 0.658755 9.9973E-005 0.126658 0.167146 0.00301583 9.9973E-005
9.99729E-005 9.99729E-005 0.550908 0.0670222 9.99729E-005 0.28181 0.0198964 0.0800641
0.025003 9.99551E-005 9.99551E-005 0.00691681 9.99551E-005 9.99551E-005 0.96758 9.99551E-005
9.994E-005 9.994E-005 9.994E-005 9.994E-005 9.994E-005 9.994E-005 0.9993 9.994E-005
0.00749969 0.0315119 9.9982E-005 0.00294781 0.0153826 9.9982E-005 0.923501 0.018957
0.00211514 9.9991E-005 0.00215159 0.0153889 0.00585369 0.00134739 0.968773 0.00427003
9.994E-005 9.994E-005 9.994E-005 9.994E-005 9.994E-005 9.994E-005 0.9993 9.994E-005
0.0252609 0.0451806 0.0531289 0.0729883 0.0811056 9.9982E-005 0.722136 9.9982E-005
9.99459E-005 9.99459E-005 9.99459E-005 9.99459E-005 9.99459E-005 0.00353714 0.995863 9.99459E-005
9.994E-005 9.994E-005 9.994E-005 9.994E-005 9.994E-005 9.994E-005 0.9993 9.994E-005
0.0669171 9.9955E-005 9.9955E-005 9.9955E-005 0.768533 0.16405 9.9955E-005 9.9955E-005
0.0512719 0.0511498 0.0365641 9.9982E-005 0.707187 0.142481 0.0111458 9.9982E-005
0.0542312 0.0011728 9.9982E-005 0.0470691 0.746338 0.146928 0.00406159 9.9982E-005
9.9982E-005 9.9982E-005 0.196241 0.0270302 0.632507 0.0280835 0.0067152 0.109224
0.0626033 0.119705 9.9991E-005 0.0121992 0.594768 0.0487077 0.0256743 0.136243
9.9982E-005 0.0414893 0.000596761 0.0252758 0.495077 0.432749 9.9982E-005 0.00461202
9.994E-005 0.9993 9.994E-005 9.994E-005 9.994E-005 9.994E-005 9.994E-005 9.994E-005
9.997E-005 0.837885 0.0312697 9.997E-005 0.101678 9.997E-005 0.00168776 0.0271792
9.99459E-005 0.996266 9.99459E-005 9.99459E-005 0.00313428 9.99459E-005 9.99459E-005 9.99459E-005
9.9973E-005 0.840858 9.9973E-005 0.0254461 0.10172 0.00446441 0.027211 9.9973E-005
9.9964E-005 0.034763 0.620623 0.0168326 9.9964E-005 0.327381 9.9964E-005 9.9964E-005
9.9964E-005 0.948137 9.9964E-005 9.9964E-005 9.9964E-005 0.0269746 0.0034162 0.0210719
9.9946E-005 0.9983 0.00110008 9.9946E-005 9.9946E-005 9.9946E-005 9.9946E-005 9.9946E-005
0.0445994 0.935338 9.9955E-005 0.0195631 9.9955E-005 9.9955E-005 9.9955E-005 9.9955E-005
0.0489535 0.876331 9.9955E-005 9.9955E-005 0.0742153 9.9955E-005 9.9955E-005 9.9955E-005
9.9955E-005 0.95372 0.00756881 9.9955E-005 9.9955E-005 0.0382115 9.9955E-005 9.9955E-005
9.9973E-005 0.50907 0.229223 0.054383 9.9973E-005 0.205157 0.00186677 9.9973E-005
9.99549E-005 9.99549E-005 0.153578 0.845407 9.99549E-005 9.99549E-005 0.0005158 9.99549E-005
9.9955E-005 0.0689802 9.9955E-005 0.927504 9.9955E-005 9.9955E-005 9.9955E-005 0.0030158
9.99459E-005 9.99459E-005 9.99459E-005 0.908931 0.0904698 9.99459E-005 9.99459E-005 9.99459E-005
0.0253357 0.00028292 9.9982E-005 0.736027 0.134127 0.0600351 9.9982E-005 0.0439929
0.126595 9.9973E-005 0.0864627 0.659306 9.9973E-005 0.116718 0.0106181 9.9973E-005
9.9955E-005 9.9955E-005 0.292242 0.619986 0.0872723 9.9955E-005 9.9955E-005 9.9955E-005
0.0136376 0.0416637 9.9955E-005 0.944199 9.9955E-005 9.9955E-005 9.9955E-005 9.9955E-005
9.9955E-005 9.9955E-005 0.29978 0.652865 0.0468545 9.9955E-005 9.9955E-005 9.9955E-005
9.99639E-005 9.99639E-005 0.163276 0.683494 9.99639E-005 0.129403 0.0234275 9.99639E-005
0.0764698 9.9964E-005 0.24439 0.54651 9.9964E-005 0.132231 9.9964E-005 9.9964E-005
9.99461E-005 0.000114879 9.99461E-005 0.999285 9.99461E-005 9.99461E-005 9.99461E-005 9.99461E-005
0.194332 0.106124 0.38969 0.00153246 0.254218 9.9991E-005 0.0191144 0.0348898
0.973745 9.9946E-005 9.9946E-005 9.9946E-005 9.9946E-005 9.9946E-005 0.0256549 9.9946E-005
9.994E-005 9.994E-005 9.994E-005 9.994E-005 9.994E-005 9.994E-005 9.994E-005 0.9993
0.9993 9.994E-005 9.994E-005 9.994E-005 9.994E-005 9.994E-005 9.994E-005 9.994E-005
9.9955E-005 9.9955E-005 9.9955E-005 9.9955E-005 0.0134689 9.9955E-005 0.00388671 0.982145
9.9946E-005 9.9946E-005 9.9946E-005 9.9946E-005 0.00845205 9.9946E-005 9.9946E-005 0.990948
9.994E-005 9.994E-005 9.994E-005 9.994E-005 9.994E-005 9.994E-005 9.994E-005 0.9993
0.388972 0.0227424 0.0246397 9.9982E-005 9.9982E-005 0.0813249 0.00770779 0.474413
0.9993 9.994E-005 9.994E-005 9.994E-005 9.994E-005 9.994E-005 9.994E-005 9.994E-005
9.9946E-005 9.9946E-005 0.000306012 9.9946E-005 0.999094 9.9946E-005 9.9946E-005 9.9946E-005
0.00460495 0.0579219 9.9991E-005 0.0873679 0.806203 0.00143263 0.0215089 0.0208609
9.9964E-005 9.9964E-005 0.00330656 9.9964E-005 0.967259 9.9964E-005 0.0114574 0.0175772
9.994E-005 9.994E-005 9.994E-005 9.994E-005 0.9993 9.994E-005 9.994E-005 9.994E-005
9.994E-005 9.994E-005 9.994E-005 9.994E-005 0.9993 9.994E-005 9.994E-005 9.994E-005
9.9946E-005 9.9946E-005 9.9946E-005 9.9946E-005 0.990669 9.9946E-005 0.0087314 9.9946E-005
9.9973E-005 0.0179913 9.9973E-005 0.0131891 0.921601 9.9973E-005 0.0124909 0.0344279
9.994E-005 9.994E-005 9.994E-005 9.994E-005 0.9993 9.994E-005 9.994E-005 9.994E-005
9.99459E-005 9.99459E-005 9.99459E-005 9.99459E-005 0.959421 9.99459E-005 9.99459E-005 0.0399797
9.994E-005 9.994E-005 9.994E-005 9.994E-005 0.9993 9.994E-005 9.994E-005 9.994E-005
9.9964E-005 0.00730553 9.9964E-005 0.00655633 0.975506 9.9964E-005 9.9964E-005 0.0102327
