9.9982E-005 9.9982E-005 0.121443 0.741726 0.136631
9.9982E-005 9.9982E-005 0.136294 0.694218 0.169288
0.195182 0.0185005 0.0514735 0.653004 0.0818394
0.105324 0.0138728 0.0733188 0.757602 0.049882
0.0613061 0.00941758 0.100661 0.751788 0.0768272
9.9982E-005 9.9982E-005 0.115874 0.808287 0.075639
9.9982E-005 9.9982E-005 0.107599 0.761629 0.130572
0.102628 9.9991E-005 0.163864 0.634931 0.0984777
0.0696308 0.0232196 0.16063 0.642383 0.104136
0.0874275 0.0029876 0.0676663 0.654332 0.187587
9.999E-005 0.00635353 0.0847041 0.745853 0.16299
0.00124532 0.975503 0.00828475 0.0148672 9.9991E-005
9.997E-005 0.9996 9.997E-005 9.997E-005 9.997E-005
0.00747731 0.933063 0.0235138 9.9991E-005 0.0358461
9.9982E-005 0.962958 9.9982E-005 0.0277223 0.00911938
9.997E-005 0.9996 9.997E-005 9.997E-005 9.997E-005
0.0790097 0.728516 0.0717471 0.0840381 0.0366895
9.997E-005 0.9996 9.997E-005 9.997E-005 9.997E-005
9.997E-005 0.9996 9.997E-005 9.997E-005 9.997E-005
0.807742 9.9982E-005 0.0257404 0.166318 9.9982E-005
0.727778 0.01062 0.0966138 0.164888 9.9991E-005
0.78295 0.00648139 0.0224027 0.188066 9.9991E-005
0.605204 0.0069398 0.0242462 0.209673 0.153937
0.634345 0.0332276 0.120959 0.0383649 0.173103
0.51427 0.00317734 0.0973884 0.349777 0.0353874
9.997E-005 9.997E-005 0.9996 9.997E-005 9.997E-005
0.115754 0.00953368 0.832123 9.9991E-005 0.0424897
0.0102331 9.9973E-005 0.989467 9.9973E-005 9.9973E-005
0.107763 0.0239704 0.840541 0.0276256 9.9991E-005
9.9982E-005 9.9982E-005 0.148132 0.803846 0.047822
0.0147933 0.00481434 0.980192 9.9982E-005 9.9982E-005
9.997E-005 9.997E-005 0.9996 9.997E-005 9.997E-005
0.0332281 0.00260459 0.958286 9.9991E-005 0.00578173
0.117977 9.9982E-005 0.872451 9.9982E-005 0.0093718
0.0102881 9.9982E-005 0.975231 0.0142812 9.9982E-005
9.9982E-005 9.9982E-005 0.568326 0.427178 0.00429665
0.0300677 0.0118462 9.9982E-005 0.957886 9.9982E-005
0.137115 0.0109852 0.0108915 0.840908 9.9991E-005
0.217026 0.000434997 9.9982E-005 0.782339 9.9982E-005
0.254376 9.9982E-005 9.9982E-005 0.732015 0.0134089
0.0810296 0.0214333 9.9991E-005 0.833967 0.0634698
0.15411 9.9973E-005 9.9973E-005 0.84559 9.9973E-005
0.107979 0.00369198 0.00468518 0.883544 9.9991E-005
0.132964 9.9973E-005 9.9973E-005 0.866736 9.9973E-005
0.0960774 0.0277262 9.9982E-005 0.875996 9.9982E-005
0.0693934 9.9991E-005 0.0293694 0.879348 0.0217895
0.118866 0.00485601 9.9982E-005 0.876078 9.9982E-005
0.236687 0.0138134 0.179586 0.332808 0.237106
0.167912 0.0241699 0.0666718 0.172767 0.568479
9.997E-005 9.997E-005 9.997E-005 9.997E-005 0.9996
0.173926 9.9991E-005 0.0565738 0.130297 0.639104
9.997E-005 9.997E-005 9.997E-005 9.997E-005 0.9996
9.997E-005 9.997E-005 9.997E-005 9.997E-005 0.9996
9.997E-005 9.997E-005 9.997E-005 9.997E-005 0.9996
9.9991E-005 0.0151409 0.066056 0.121654 0.797049
0.164885 9.9991E-005 0.0326178 0.13654 0.665858
0.9996 9.997E-005 9.997E-005 9.997E-005 9.997E-005
0.852591 0.0131554 0.0518569 0.0640584 0.0183387
0.976207 0.0166619 9.9982E-005 9.9982E-005 0.00693138
0.9996 9.997E-005 9.997E-005 9.997E-005 9.997E-005
0.9996 9.997E-005 9.997E-005 9.997E-005 9.997E-005
0.99064 0.00905965 9.9973E-005 9.9973E-005 9.9973E-005
0.941899 0.0148437 0.0105986 9.9991E-005 0.0325586
0.9996 9.997E-005 9.997E-005 9.997E-005 9.997E-005
0.958328 9.9973E-005 9.9973E-005 9.9973E-005 0.0413722
0.9996 9.997E-005 9.997E-005 9.997E-005 9.997E-005
0.994265 9.9982E-005 0.00103371 9.9982E-005 0.00450103
