9.999E-005 0.9998 9.999E-005
9.999E-005 0.995282 0.00461818
0.222642 0.753621 0.0237366
0.104771 0.877451 0.0177781
0.0834738 0.900043 0.0164834
9.999E-005 0.996191 0.00370942
9.999E-005 0.9998 9.999E-005
0.172385 0.827515 9.9991E-005
0.115984 0.857763 0.0262531
0.146391 0.847222 0.00638616
0.0157652 0.965622 0.0186125
0.00619818 0.0183257 0.975476
9.999E-005 9.999E-005 0.9998
0.0518806 0.0255738 0.922546
0.0185426 0.0139788 0.967479
9.999E-005 9.999E-005 0.9998
0.12921 0.148782 0.722007
9.999E-005 9.999E-005 0.9998
9.999E-005 9.999E-005 0.9998
0.838733 0.161167 9.9991E-005
0.769195 0.211732 0.0190731
0.796021 0.19513 0.00884882
0.715181 0.277913 0.00690592
0.77849 0.203141 0.0183689
0.556157 0.443743 9.9991E-005
0.362665 0.637235 9.9991E-005
0.429393 0.570507 9.9991E-005
0.375357 0.624543 9.9991E-005
0.417023 0.568524 0.014453
9.999E-005 0.9998 9.999E-005
0.349039 0.650861 9.9991E-005
0.322193 0.677707 9.9991E-005
0.36201 0.63789 9.9991E-005
0.439594 0.560306 9.9991E-005
0.322572 0.677328 9.9991E-005
0.0913852 0.908515 9.9991E-005
0.00408754 0.960447 0.0354656
0.112167 0.859979 0.027854
0.225644 0.741392 0.0329632
0.25703 0.728666 0.0143036
0.0842106 0.883643 0.0321462
0.139189 0.853371 0.0074395
0.111736 0.870649 0.0176149
0.121809 0.875063 0.00312759
0.067907 0.893635 0.0384576
0.0697592 0.923037 0.00720347
0.104783 0.868483 0.0267346
0.380643 0.612146 0.00721033
0.449404 0.532209 0.0183872
0.448202 0.551698 9.9991E-005
0.456339 0.543561 9.9991E-005
0.471308 0.528592 9.9991E-005
0.469376 0.530524 9.9991E-005
0.455721 0.544179 9.9991E-005
0.343742 0.651978 0.00427988
0.459672 0.540228 9.9991E-005
0.9998 9.999E-005 9.999E-005
0.879134 0.102305 0.0185603
0.984901 9.9991E-005 0.0149992
0.9998 9.999E-005 9.999E-005
0.9998 9.999E-005 9.999E-005
0.990644 9.9991E-005 0.00925624
0.976702 0.00908872 0.0142096
0.9998 9.999E-005 9.999E-005
0.9998 9.999E-005 9.999E-005
0.9998 9.999E-005 9.999E-005
0.9998 9.999E-005 9.999E-005
