9.9982E-005 0.154513 0.845287 9.9982E-005
9.9982E-005 0.154953 0.844847 9.9982E-005
0.0120781 0.0439489 0.72153 0.222443
0.0100959 0.0441399 0.842177 0.103587
0.0106706 0.102773 0.821164 0.0653919
9.9982E-005 0.0979052 0.901895 9.9982E-005
9.9982E-005 0.132664 0.867136 9.9982E-005
9.999E-005 0.137122 0.733987 0.128791
0.0162283 0.152903 0.749367 0.0815012
9.999E-005 0.0748441 0.776939 0.148117
0.0183963 0.104773 0.87673 9.9991E-005
0.974029 0.0054522 9.9991E-005 0.0204186
0.9997 9.998E-005 9.998E-005 9.998E-005
0.924609 0.0248777 0.00527733 0.0452359
0.971383 9.9991E-005 0.0149644 0.0135524
0.9997 9.998E-005 9.998E-005 9.998E-005
0.727856 0.0740934 0.127278 0.0707733
0.9997 9.998E-005 9.998E-005 9.998E-005
0.9997 9.998E-005 9.998E-005 9.998E-005
9.9991E-005 0.0292951 0.171859 0.798746
0.010946 0.0879973 0.161781 0.739276
0.00653429 0.0269869 0.181485 0.784993
0.00795871 0.032616 0.274007 0.685418
0.0341329 0.152925 0.103794 0.709148
9.9991E-005 0.0881291 0.379699 0.532072
9.998E-005 0.9997 9.998E-005 9.998E-005
0.0104884 0.85416 0.0120538 0.123298
9.998E-005 0.9997 9.998E-005 9.998E-005
0.0323615 0.856657 9.9991E-005 0.110881
9.9982E-005 0.128787 0.871013 9.9982E-005
0.00215909 0.9937 9.9991E-005 0.00404139
0.00100141 0.998799 9.9982E-005 9.9982E-005
0.00165745 0.972936 9.9991E-005 0.0253067
9.9982E-005 0.880701 9.9982E-005 0.119099
9.9982E-005 0.979538 0.0202618 9.9982E-005
9.9982E-005 0.551527 0.448273 9.9982E-005
0.0208656 9.9991E-005 0.973276 0.00575891
0.0217807 0.00660135 0.850471 0.121147
0.00749836 9.9991E-005 0.783303 0.209099
9.9982E-005 9.9982E-005 0.743739 0.256061
0.0271595 9.9991E-005 0.890569 0.0821713
9.9982E-005 9.9982E-005 0.864053 0.135747
0.0132279 9.9991E-005 0.877971 0.108701
9.9982E-005 9.9982E-005 0.892213 0.107587
0.0256523 9.9991E-005 0.895184 0.079064
9.9991E-005 0.0056599 0.922453 0.0717867
0.0128077 9.9991E-005 0.888927 0.0981652
0.00937937 0.217163 0.447971 0.325486
0.0196717 0.176341 0.420894 0.383094
0.00268676 0.164121 0.438638 0.394554
9.9991E-005 0.162385 0.431873 0.405642
9.9991E-005 0.140242 0.440631 0.419028
9.9991E-005 0.133011 0.434949 0.43194
9.9991E-005 0.147738 0.441036 0.411126
0.00466474 0.204017 0.516 0.275318
9.9991E-005 0.13845 0.451677 0.409773
9.998E-005 9.998E-005 9.998E-005 0.9997
0.0194025 0.0619797 0.071946 0.846672
0.0139064 0.00706551 9.9991E-005 0.978928
9.998E-005 9.998E-005 9.998E-005 0.9997
9.998E-005 9.998E-005 9.998E-005 0.9997
0.0083611 9.9982E-005 9.9982E-005 0.991439
0.00928619 0.0331891 9.9991E-005 0.957425
9.998E-005 9.998E-005 9.998E-005 0.9997
9.998E-005 9.998E-005 9.998E-005 0.9997
9.998E-005 9.998E-005 9.998E-005 0.9997
9.998E-005 9.998E-005 9.998E-005 0.9997
