9.999E-005 9.999E-005 0.9998
9.999E-005 0.00378706 0.996113
0.218831 0.0245384 0.756631
0.107848 0.0188919 0.87326
0.0773322 0.0191346 0.903533
9.999E-005 0.00137368 0.998526
9.999E-005 9.999E-005 0.9998
0.174184 9.9991E-005 0.825716
0.113592 0.0213367 0.865072
0.163226 0.000482641 0.836292
0.0256779 0.0216659 0.952656
0.00467365 0.971537 0.0237889
9.999E-005 0.9998 9.999E-005
0.0310134 0.924894 0.0440927
0.0156559 0.960581 0.0237635
9.999E-005 0.9998 9.999E-005
0.0917653 0.731831 0.176404
9.999E-005 0.9998 9.999E-005
9.999E-005 0.9998 9.999E-005
0.844235 9.9991E-005 0.155665
0.767797 0.0130016 0.219202
0.797188 0.00941265 0.193399
0.702127 0.0104218 0.287451
0.762386 0.0244464 0.213168
0.561948 0.00377518 0.434277
0.361406 9.9991E-005 0.638494
0.403275 9.9991E-005 0.596625
0.360409 9.9991E-005 0.639491
0.405358 0.0169061 0.577736
9.999E-005 9.999E-005 0.9998
0.341285 9.9991E-005 0.658615
0.305913 9.9991E-005 0.693987
0.350252 9.9991E-005 0.649649
0.448264 9.9991E-005 0.551636
0.311387 9.9991E-005 0.688513
0.083742 9.9991E-005 0.916158
0.00645636 0.0331439 0.9604
0.116918 0.0220195 0.861063
0.223545 0.0381967 0.738258
0.25605 0.0159006 0.728049
0.0753923 0.0358417 0.888766
0.140568 0.00266168 0.85677
0.098236 0.0288751 0.872889
0.11497 9.9991E-005 0.88493
0.0781898 0.0449763 0.876834
0.0647173 0.00536387 0.929919
0.0806478 0.0338027 0.885549
0.385689 0.00908779 0.605223
0.438923 0.0267662 0.534311
0.440193 9.9991E-005 0.559708
0.465562 9.9991E-005 0.534338
0.459761 9.9991E-005 0.540139
0.464339 9.9991E-005 0.535561
0.451706 9.9991E-005 0.548194
0.334867 0.0057658 0.659367
0.456254 9.9991E-005 0.543646
0.9998 9.999E-005 9.999E-005
0.892008 0.0220767 0.0859154
0.988408 0.0114925 9.9991E-005
0.9998 9.999E-005 9.999E-005
0.9998 9.999E-005 9.999E-005
0.990661 0.00923915 9.9991E-005
0.980347 0.0195535 9.9991E-005
0.9998 9.999E-005 9.999E-005
0.9998 9.999E-005 9.999E-005
0.9998 9.999E-005 9.999E-005
0.9998 9.999E-005 9.999E-005
