9.9982E-005 9.9982E-005 0.752531 0.135903 0.111366
9.9982E-005 9.9982E-005 0.723394 0.126305 0.150101
0.0159981 0.211001 0.63718 0.0463314 0.0894894
0.0110369 0.11134 0.773149 0.0561428 0.0483316
0.0168315 0.042001 0.751546 0.112622 0.0769995
9.9982E-005 9.9982E-005 0.794302 0.120868 0.08463
9.9982E-005 9.9982E-005 0.765534 0.118623 0.115643
9.999E-005 0.0980368 0.621033 0.167374 0.113456
0.0235489 0.0592378 0.663119 0.150973 0.103121
9.999E-005 0.0828796 0.6496 0.0856183 0.181802
0.00734995 9.9991E-005 0.745304 0.0609889 0.186257
0.970365 9.9982E-005 0.0231645 0.00627058 9.9982E-005
0.9996 9.997E-005 9.997E-005 9.997E-005 9.997E-005
0.928043 0.0150327 9.9991E-005 0.027594 0.0292307
0.962746 0.0109017 0.0153187 9.9991E-005 0.0109335
0.9996 9.997E-005 9.997E-005 9.997E-005 9.997E-005
0.732687 0.0984882 0.10323 0.0513682 0.0142265
0.995679 9.9973E-005 9.9973E-005 9.9973E-005 0.00402123
0.9996 9.997E-005 9.997E-005 9.997E-005 9.997E-005
9.9982E-005 0.810479 0.163378 0.0259425 9.9982E-005
0.0129191 0.730184 0.184316 0.072481 9.9991E-005
0.00786767 0.779553 0.180777 0.0317017 9.9991E-005
0.0062642 0.614425 0.205842 0.0270428 0.146427
0.0338428 0.627077 0.0368197 0.142951 0.159309
9.9991E-005 0.51909 0.344474 0.09099 0.0453468
9.997E-005 9.997E-005 9.997E-005 0.9996 9.997E-005
0.00139375 0.122216 0.00959213 0.830909 0.0358895
9.9973E-005 0.00696266 9.9973E-005 0.992737 9.9973E-005
0.0229628 0.118473 0.00519712 0.853267 9.9991E-005
9.9982E-005 9.9982E-005 0.789911 0.152165 0.0577244
0.0104814 0.0199499 9.9982E-005 0.969369 9.9982E-005
0.00281802 9.9973E-005 9.9973E-005 0.996882 9.9973E-005
0.0060521 0.0193888 9.9991E-005 0.962907 0.0115523
9.9982E-005 0.120366 9.9982E-005 0.86704 0.0123939
9.9982E-005 9.9982E-005 0.00952687 0.978917 0.0113561
9.9982E-005 9.9982E-005 0.398242 0.599845 0.00171265
0.0106514 0.0265306 0.962618 9.9982E-005 9.9982E-005
0.00960909 0.13613 0.854061 9.9982E-005 9.9982E-005
9.9973E-005 0.210764 0.788936 9.9973E-005 9.9973E-005
9.99809E-005 0.268133 0.731567 9.99809E-005 9.99809E-005
0.0134932 0.0747396 0.837304 9.9991E-005 0.074363
9.9973E-005 0.154658 0.845042 9.9973E-005 9.9973E-005
0.00498664 0.102505 0.892309 9.9982E-005 9.9982E-005
9.9973E-005 0.128514 0.871186 9.9973E-005 9.9973E-005
0.0308872 0.0840029 0.88491 9.9982E-005 9.9982E-005
9.9991E-005 0.0649755 0.878326 0.0128353 0.0437636
0.0077227 0.117452 0.874626 9.9982E-005 9.9982E-005
0.0108113 0.239953 0.314132 0.181035 0.254068
0.019003 0.15554 0.161901 0.0682587 0.595297
9.997E-005 9.997E-005 9.997E-005 9.997E-005 0.9996
9.9991E-005 0.155025 0.115654 0.0633033 0.665918
9.997E-005 9.997E-005 9.997E-005 9.997E-005 0.9996
9.997E-005 9.997E-005 9.997E-005 9.997E-005 0.9996
9.997E-005 9.997E-005 9.997E-005 9.997E-005 0.9996
0.00944833 9.9991E-005 0.109676 0.0702426 0.810533
9.9991E-005 0.154446 0.129168 0.0554015 0.660885
9.99712E-005 0.9996 9.99712E-005 9.99712E-005 9.99712E-005
0.0135489 0.842789 0.0535968 0.0540483 0.0360174
0.0124106 0.974341 9.9991E-005 0.00461882 0.00853002
9.997E-005 0.9996 9.997E-005 9.997E-005 9.997E-005
9.997E-005 0.9996 9.997E-005 9.997E-005 9.997E-005
0.0109036 0.988796 9.9973E-005 9.9973E-005 9.9973E-005
0.00589869 0.932868 9.9991E-005 0.0179612 0.0431725
9.997E-005 0.9996 9.997E-005 9.997E-005 9.997E-005
9.99729E-005 0.966828 9.99729E-005 9.99729E-005 0.0328724
9.997E-005 0.9996 9.997E-005 9.997E-005 9.997E-005
9.9973E-005 0.996112 9.9973E-005 0.00358846 9.9973E-005
