0.127895 0.130432 0.741474 9.9982E-005 9.9982E-005
0.143223 0.142187 0.71439 9.9982E-005 9.9982E-005
0.0797203 0.0400321 0.662513 0.00786709 0.209868
0.0248244 0.0429611 0.783018 0.0142113 0.134985
0.0720943 0.114395 0.747522 0.00637494 0.0596142
0.0865702 0.0993788 0.813851 9.9982E-005 9.9982E-005
0.122926 0.113203 0.763671 9.9982E-005 9.9982E-005
0.105104 0.150241 0.640216 9.9991E-005 0.104339
0.0994203 0.156314 0.665571 0.0201651 0.0585297
0.195072 0.0702459 0.660103 0.000891864 0.0736864
0.16522 0.0799731 0.744641 0.0100665 9.9991E-005
9.999E-005 0.0064406 0.011719 0.974501 0.00723947
9.997E-005 9.997E-005 9.997E-005 0.9996 9.997E-005
0.0394971 0.0257516 0.00181223 0.924574 0.00836512
0.0111165 9.9991E-005 0.0269497 0.960101 0.00173263
9.997E-005 9.997E-005 9.997E-005 0.9996 9.997E-005
0.0451508 0.0458697 0.0877903 0.723911 0.097278
9.997E-005 9.997E-005 9.997E-005 0.9996 9.997E-005
9.997E-005 9.997E-005 9.997E-005 0.9996 9.997E-005
9.9982E-005 0.0333788 0.144449 9.9982E-005 0.821972
9.999E-005 0.0918493 0.163837 0.0175236 0.726691
9.999E-005 0.0296409 0.173853 0.00830281 0.788103
0.143567 0.0210329 0.21176 9.9991E-005 0.62354
0.161311 0.137011 0.0434047 0.0245851 0.633688
0.0152654 0.121616 0.353417 9.9991E-005 0.509602
9.997E-005 0.9996 9.997E-005 9.997E-005 9.997E-005
0.033918 0.833597 0.00882501 0.00958692 0.114074
9.9973E-005 0.991016 9.9973E-005 9.9973E-005 0.00868411
9.9991E-005 0.844361 0.00706453 0.0291941 0.11928
0.0500951 0.141048 0.808657 9.9982E-005 9.9982E-005
9.9982E-005 0.979672 9.9982E-005 0.00530815 0.0148195
9.997E-005 0.9996 9.997E-005 9.997E-005 9.997E-005
0.0194846 0.955053 9.9991E-005 0.00286647 0.0224959
0.0175427 0.87099 9.9982E-005 9.9982E-005 0.111267
9.9982E-005 0.976233 0.0170902 9.9982E-005 0.00647714
0.00411338 0.578928 0.416759 9.9982E-005 9.9982E-005
9.9982E-005 9.9982E-005 0.962354 0.0150828 0.0223636
9.9991E-005 0.030299 0.837597 0.00765117 0.124353
9.9973E-005 9.9973E-005 0.778308 9.9973E-005 0.221392
0.022799 9.9991E-005 0.728588 0.00208192 0.246431
0.0832406 9.9991E-005 0.836989 0.0192047 0.060466
9.9973E-005 9.9973E-005 0.853063 9.9973E-005 0.146637
9.9991E-005 0.00371233 0.870691 0.00635531 0.119141
9.9973E-005 9.9973E-005 0.879797 9.9973E-005 0.119903
9.9982E-005 9.9982E-005 0.879714 0.0303844 0.0897013
0.0500729 0.00631406 0.859478 9.9991E-005 0.0840349
9.9982E-005 9.9982E-005 0.881377 0.0115392 0.106883
0.228627 0.182155 0.331478 0.0147482 0.242993
0.611703 0.0672137 0.136858 0.0239898 0.160236
0.9996 9.997E-005 9.997E-005 9.997E-005 9.997E-005
0.681532 0.0626569 0.113014 9.9991E-005 0.142697
0.9996 9.997E-005 9.997E-005 9.997E-005 9.997E-005
0.9996 9.997E-005 9.997E-005 9.997E-005 9.997E-005
0.9996 9.997E-005 9.997E-005 9.997E-005 9.997E-005
0.800266 0.0617806 0.129301 0.0085528 9.9991E-005
0.692755 0.0427752 0.123644 9.9991E-005 0.140726
9.997E-005 9.997E-005 9.997E-005 9.997E-005 0.9996
0.0386306 0.0457361 0.0522591 0.0174402 0.845934
0.009471 9.9982E-005 9.9982E-005 0.0153524 0.974977
9.997E-005 9.997E-005 9.997E-005 9.997E-005 0.9996
9.997E-005 9.997E-005 9.997E-005 9.997E-005 0.9996
9.9973E-005 9.9973E-005 9.9973E-005 0.00824078 0.991459
0.0568863 0.00518514 9.9991E-005 0.0132082 0.92462
9.997E-005 9.997E-005 9.997E-005 9.997E-005 0.9996
0.0313869 9.9982E-005 9.9982E-005 0.00131238 0.967101
9.997E-005 9.997E-005 9.997E-005 9.997E-005 0.9996
0.00133235 0.0030789 0.000159052 9.9991E-005 0.99533
