0.00644627 9.9973E-005 9.9973E-005 9.9973E-005 0.00944116 0.00928232 0.97453
0.0600036 9.9973E-005 9.9973E-005 0.00410376 9.9973E-005 0.045541 0.890052
0.0102939 0.274881 0.149541 0.0160353 0.0346715 9.9991E-005 0.514478
9.9955E-005 9.9955E-005 9.9955E-005 9.9955E-005 0.116999 9.9955E-005 0.882501
9.99639E-005 9.99639E-005 9.99639E-005 0.00523329 0.0992223 9.99639E-005 0.895145
9.9982E-005 0.0039754 0.151404 0.00288559 9.9982E-005 0.0271486 0.814387
9.9955E-005 9.9955E-005 9.9955E-005 9.9955E-005 0.022676 9.9955E-005 0.976824
0.0297851 0.0725279 0.134121 9.9991E-005 0.0866336 0.0765998 0.600233
0.0119779 0.00757619 9.9991E-005 0.0147646 0.119206 0.0422236 0.804152
0.0199172 0.136418 9.9982E-005 0.00210503 0.0598198 9.9982E-005 0.78154
0.0801428 9.9982E-005 0.0693295 0.0175427 0.00913041 9.9982E-005 0.823655
9.9964E-005 0.0118466 0.0206498 0.967104 9.9964E-005 9.9964E-005 9.9964E-005
9.995E-005 9.995E-005 9.995E-005 0.9994 9.995E-005 9.995E-005 9.995E-005
0.0368533 0.0138526 0.00359803 0.927868 0.000361368 0.0173666 9.9991E-005
9.9982E-005 0.00130858 0.00396878 0.966328 0.0173054 9.9982E-005 0.010889
9.995E-005 9.995E-005 9.995E-005 0.9994 9.995E-005 9.995E-005 9.995E-005
0.0273606 0.0359474 0.0613476 0.72438 0.0677004 0.0402472 0.0430169
9.995E-005 9.995E-005 9.995E-005 0.9994 9.995E-005 9.995E-005 9.995E-005
9.995E-005 9.995E-005 9.995E-005 0.9994 9.995E-005 9.995E-005 9.995E-005
9.995E-005 0.9994 9.995E-005 9.995E-005 9.995E-005 9.995E-005 9.995E-005
9.99549E-005 0.998349 9.99549E-005 0.00115142 9.99549E-005 9.99549E-005 9.99549E-005
9.995E-005 0.9994 9.995E-005 9.995E-005 9.995E-005 9.995E-005 9.995E-005
0.103648 0.0236027 0.0285284 0.00967883 0.612594 9.9991E-005 0.221849
0.140844 0.274675 0.0208005 0.0330832 0.42887 0.101627 9.9991E-005
0.0135246 0.427018 0.0502502 9.9991E-005 0.197147 0.0381587 0.273801
9.995E-005 9.995E-005 9.995E-005 9.995E-005 9.995E-005 0.9994 9.995E-005
0.0217288 9.9982E-005 9.9982E-005 0.0076744 0.119103 0.835304 0.0159898
9.995E-005 9.995E-005 9.995E-005 9.995E-005 9.995E-005 0.9994 9.995E-005
9.9982E-005 0.072109 0.0294796 0.0308647 0.0485384 0.818808 9.9982E-005
9.9964E-005 9.9964E-005 0.0088713 9.9964E-005 9.9964E-005 0.0641972 0.926532
9.9973E-005 9.9973E-005 0.00789514 0.00539099 0.0100245 0.976389 9.9973E-005
9.995E-005 9.995E-005 9.995E-005 9.995E-005 9.995E-005 0.9994 9.995E-005
0.00125539 0.0418889 0.0151688 9.9973E-005 9.9973E-005 0.941387 9.9973E-005
0.0114483 0.0149508 9.9973E-005 9.9973E-005 0.0893826 0.883918 9.9973E-005
9.9964E-005 0.0171335 9.9964E-005 9.9964E-005 9.9964E-005 0.940938 0.0415288
9.9964E-005 9.9964E-005 0.0449856 9.9964E-005 9.9964E-005 0.518143 0.436472
9.9964E-005 9.9964E-005 0.846525 0.00252785 9.9964E-005 9.9964E-005 0.150547
9.9964E-005 0.0270518 0.930674 9.9964E-005 9.9964E-005 0.0418741 9.9964E-005
9.9964E-005 0.0177336 0.923704 9.9964E-005 0.0581622 9.9964E-005 9.9964E-005
0.046224 0.0258478 0.765303 9.9982E-005 0.123498 9.9982E-005 0.038927
0.0561624 0.00931623 0.651466 0.0185703 9.9982E-005 9.9982E-005 0.264285
9.9973E-005 9.9973E-005 0.749196 9.9973E-005 0.0649289 0.000841594 0.184734
9.9964E-005 0.0123004 0.958154 9.9964E-005 9.9964E-005 0.0291453 9.9964E-005
9.9964E-005 9.9964E-005 0.792958 9.9964E-005 0.0308232 9.9964E-005 0.175819
9.99729E-005 9.99729E-005 0.686661 0.0255587 0.00912884 9.99729E-005 0.278352
0.0150045 0.0484704 0.572135 9.9973E-005 9.9973E-005 9.9973E-005 0.36409
9.99551E-005 9.99551E-005 0.992034 9.99551E-005 9.99551E-005 0.00746585 9.99551E-005
0.141255 0.122509 0.0335817 0.0125372 0.187958 0.139485 0.362674
0.505507 0.307228 0.0432417 0.019163 9.9991E-005 0.0375529 0.0872071
0.9994 9.995E-005 9.995E-005 9.995E-005 9.995E-005 9.995E-005 9.995E-005
0.545333 0.303169 9.9973E-005 9.9973E-005 9.9973E-005 0.0301472 0.12105
0.999336 9.99549E-005 9.99549E-005 9.99549E-005 0.000164506 9.99549E-005 9.99549E-005
0.9994 9.995E-005 9.995E-005 9.995E-005 9.995E-005 9.995E-005 9.995E-005
0.9994 9.995E-005 9.995E-005 9.995E-005 9.995E-005 9.995E-005 9.995E-005
0.718507 0.0792867 9.9982E-005 0.0122925 9.9982E-005 0.0470008 0.142713
0.56137 0.290805 0.0336921 9.9982E-005 9.9982E-005 0.0246131 0.0893201
9.9973E-005 0.0165219 9.9973E-005 0.00313841 0.971775 9.9973E-005 0.00826458
0.0258145 0.0466169 0.0956846 0.0107463 0.764015 0.0570227 9.9991E-005
9.9973E-005 0.0644395 9.9973E-005 0.011583 0.909871 0.0138069 9.9973E-005
9.995E-005 9.995E-005 9.995E-005 9.995E-005 0.9994 9.995E-005 9.995E-005
9.9955E-005 0.0569739 9.9955E-005 9.9955E-005 0.942526 9.9955E-005 9.9955E-005
9.9964E-005 0.0589419 9.9964E-005 0.00896879 0.931689 9.9964E-005 9.9964E-005
0.0308598 0.075482 0.00646832 0.0161265 0.85223 0.0187336 9.9991E-005
9.9964E-005 0.0172167 9.9964E-005 9.9964E-005 0.97095 0.011433 9.9964E-005
0.0379102 9.9964E-005 9.9964E-005 0.000596084 0.961094 9.9964E-005 9.9964E-005
9.995E-005 9.995E-005 9.995E-005 9.995E-005 0.9994 9.995E-005 9.995E-005
0.0055915 9.9964E-005 0.0138617 9.9964E-005 0.980147 9.9964E-005 9.9964E-005
