9.999E-005 9.999E-005 0.9998
9.999E-005 0.00172121 0.998179
0.23173 0.0207348 0.747536
0.107964 0.0220596 0.869976
0.0807326 0.0103803 0.908887
9.999E-005 9.999E-005 0.9998
9.999E-005 9.999E-005 0.9998
0.169505 9.9991E-005 0.830395
0.123782 0.0260741 0.850144
0.14187 0.0103189 0.847811
0.0297623 0.0188139 0.951424
0.010332 0.977571 0.0120974
9.999E-005 0.9998 9.999E-005
0.0398424 0.92858 0.0315779
0.0181488 0.965044 0.0168075
9.999E-005 0.9998 9.999E-005
0.114717 0.725136 0.160147
9.999E-005 0.9998 9.999E-005
9.999E-005 0.9998 9.999E-005
0.839683 9.9991E-005 0.160217
0.753205 0.0192091 0.227586
0.792614 0.0114195 0.195967
0.705823 0.00978835 0.284388
0.756748 0.0290421 0.21421
0.558316 9.9991E-005 0.441584
0.354207 9.9991E-005 0.645693
0.410395 9.9991E-005 0.589505
0.367385 9.9991E-005 0.632515
0.40989 0.0149391 0.57517
9.999E-005 9.999E-005 0.9998
0.352925 9.9991E-005 0.646975
0.310226 9.9991E-005 0.689674
0.35327 9.9991E-005 0.64663
0.452797 9.9991E-005 0.547103
0.321179 9.9991E-005 0.678722
0.0896146 0.00233926 0.908046
0.0198298 0.0324081 0.947762
0.122222 0.0236053 0.854172
0.223943 0.0305564 0.745501
0.255802 0.0152457 0.728953
0.081399 0.0362668 0.882334
0.137223 0.00631282 0.856464
0.110109 0.0277757 0.862115
0.127951 9.9991E-005 0.871949
0.077575 0.0440521 0.878373
0.0644453 0.00635465 0.9292
0.0939208 0.0263053 0.879774
0.394873 0.00989598 0.595231
0.43198 0.0233589 0.544661
0.453612 0.000413844 0.545975
0.46155 9.9991E-005 0.53835
0.479674 0.00520114 0.515125
0.472018 9.9991E-005 0.527882
0.460998 9.9991E-005 0.538902
0.336857 0.00991662 0.653227
0.452 9.9991E-005 0.5479
0.9998 9.999E-005 9.999E-005
0.885555 0.0140933 0.100352
0.985026 0.0148742 9.9991E-005
0.9998 9.999E-005 9.999E-005
0.9998 9.999E-005 9.999E-005
0.987085 0.0128152 9.9991E-005
0.983206 0.0166943 9.9991E-005
0.9998 9.999E-005 9.999E-005
0.9998 9.999E-005 9.999E-005
0.9998 9.999E-005 9.999E-005
0.9998 9.999E-005 9.999E-005
