9.9964E-005 9.9964E-005 0.0171672 9.9964E-005 9.9964E-005 0.961763 0.0206701
9.9973E-005 9.9973E-005 0.0680229 0.00595444 9.9973E-005 0.879 0.0467229
0.0130127 0.129707 0.00220341 9.9982E-005 0.23626 0.618617 9.9982E-005
9.9964E-005 9.9964E-005 9.9964E-005 0.0100367 0.113848 0.875716 9.9964E-005
0.00320888 9.99639E-005 9.99639E-005 9.99639E-005 0.0875307 0.908861 9.99639E-005
0.000593781 0.141941 0.00495446 9.9982E-005 9.9982E-005 0.837593 0.0147182
9.9973E-005 9.9973E-005 0.0105615 9.9973E-005 0.00717305 0.965163 0.0168021
9.999E-005 0.15285 0.0170426 0.00300616 0.147067 0.611133 0.0688018
0.026739 0.000665399 9.99819E-005 9.99819E-005 0.121146 0.794064 0.0571852
9.9964E-005 9.9964E-005 0.0501043 9.9964E-005 0.14126 0.808236 9.9964E-005
0.0150272 0.0610591 0.0691707 9.9982E-005 0.0171942 0.837349 9.9982E-005
0.961058 0.0235287 9.99641E-005 9.99641E-005 9.99641E-005 9.99641E-005 0.0150138
0.999183 9.9955E-005 9.9955E-005 0.000317582 9.9955E-005 9.9955E-005 9.9955E-005
0.925329 0.00984891 0.0109187 0.00123763 0.0173759 9.9991E-005 0.0351899
0.95967 0.0128667 0.00422011 9.9982E-005 0.0213916 0.00165157 9.9982E-005
0.99438 9.9955E-005 9.9955E-005 0.00512039 9.9955E-005 9.9955E-005 9.9955E-005
9.995E-005 9.995E-005 9.995E-005 0.9994 9.995E-005 9.995E-005 9.995E-005
0.995666 9.99549E-005 0.00383416 9.99549E-005 9.99549E-005 9.99549E-005 9.99549E-005
0.9994 9.995E-005 9.995E-005 9.995E-005 9.995E-005 9.995E-005 9.995E-005
9.9955E-005 9.9955E-005 9.9955E-005 9.9955E-005 0.828102 0.171399 9.9955E-005
0.00982341 9.9982E-005 9.9982E-005 0.00724 0.743814 0.210076 0.0288473
9.9973E-005 0.0359346 9.9973E-005 0.0131492 0.784571 0.166046 9.9973E-005
0.00960866 0.0513795 0.111072 9.9991E-005 0.626403 0.193561 0.00787592
0.0290285 0.0424397 0.168814 0.000667715 0.622498 0.0346031 0.101949
9.9982E-005 0.0102804 9.9982E-005 0.00885759 0.544236 0.395664 0.0407618
9.995E-005 9.995E-005 9.995E-005 9.995E-005 9.995E-005 9.995E-005 0.9994
0.00272242 9.9982E-005 0.0259798 9.9982E-005 0.103175 0.023971 0.843952
9.995E-005 9.995E-005 9.995E-005 9.995E-005 9.995E-005 9.995E-005 0.9994
0.0147193 0.0274053 9.9982E-005 0.0155444 0.092655 9.9982E-005 0.849476
9.9964E-005 0.00744513 9.9964E-005 9.9964E-005 9.9964E-005 0.941207 0.0509481
0.00399159 0.0141085 0.00164525 0.0093926 9.9982E-005 9.9982E-005 0.970662
0.0052967 0.00132673 9.9964E-005 9.9964E-005 9.9964E-005 9.9964E-005 0.992977
9.9964E-005 0.0375967 0.0161557 9.9964E-005 9.9964E-005 9.9964E-005 0.945848
9.9964E-005 9.9964E-005 0.00933992 9.9964E-005 0.100452 9.9964E-005 0.889808
9.9955E-005 9.9955E-005 9.9955E-005 9.9955E-005 9.9955E-005 0.0472775 0.952223
9.9973E-005 0.0593406 9.9973E-005 0.00203734 9.9973E-005 0.435167 0.503155
0.000689967 0.840273 9.9964E-005 9.9964E-005 9.9964E-005 0.158637 9.9964E-005
9.9973E-005 0.932457 0.00375782 0.00639687 9.9973E-005 9.9973E-005 0.0570885
9.99549E-005 0.917125 9.99549E-005 9.99549E-005 0.0823752 9.99549E-005 9.99549E-005
0.000697324 0.795022 0.0557848 9.9991E-005 0.119075 0.0215238 0.00779641
0.0180207 0.662879 0.0807958 9.9973E-005 9.9973E-005 0.238004 9.9973E-005
9.9973E-005 0.708781 0.00156821 9.9973E-005 0.0625909 0.22676 9.9973E-005
9.9964E-005 0.963798 9.9964E-005 0.00167117 9.9964E-005 9.9964E-005 0.0341308
9.9964E-005 0.767548 9.9964E-005 9.9964E-005 0.0308469 0.201206 9.9964E-005
0.0196077 0.661045 9.9982E-005 0.00705354 0.0287294 0.283364 9.9982E-005
9.9973E-005 0.584867 0.042576 9.9973E-005 9.9973E-005 0.36145 0.0108065
9.9964E-005 0.994005 9.9964E-005 0.00234168 9.9964E-005 9.9964E-005 0.00325359
0.00251864 0.0294814 0.151866 0.0144623 0.272121 0.39258 0.136971
0.0291639 0.0340899 0.542286 0.00160988 0.164239 0.154821 0.0737899
9.995E-005 9.995E-005 0.9994 9.995E-005 9.995E-005 9.995E-005 9.995E-005
9.9982E-005 9.9982E-005 0.606424 0.00568208 0.17067 0.178083 0.0389414
9.995E-005 9.995E-005 0.9994 9.995E-005 9.995E-005 9.995E-005 9.995E-005
9.995E-005 9.995E-005 0.9994 9.995E-005 9.995E-005 9.995E-005 9.995E-005
9.995E-005 9.995E-005 0.9994 9.995E-005 9.995E-005 9.995E-005 9.995E-005
0.0150672 0.00406807 0.768488 9.9982E-005 9.9982E-005 0.177274 0.0349034
9.9991E-005 0.014011 0.623245 0.00551581 0.16204 0.150576 0.0445121
9.995E-005 9.995E-005 9.995E-005 9.995E-005 0.9994 9.995E-005 9.995E-005
9.9982E-005 0.0810176 0.038942 0.0212945 0.803703 9.9982E-005 0.0548431
0.0168583 9.9973E-005 0.00363229 0.00182859 0.977381 9.9973E-005 9.9973E-005
9.995E-005 9.995E-005 9.995E-005 9.995E-005 0.9994 9.995E-005 9.995E-005
9.9955E-005 9.9955E-005 9.9955E-005 0.00138423 0.998116 9.9955E-005 9.9955E-005
0.00199262 9.9955E-005 9.9955E-005 9.9955E-005 0.997508 9.9955E-005 9.9955E-005
0.00135434 0.00434063 0.040338 0.0192378 0.919656 9.9991E-005 0.0149731
9.9955E-005 9.9955E-005 9.9955E-005 0.00062774 0.998872 9.9955E-005 9.9955E-005
9.99549E-005 9.99549E-005 0.0290968 9.99549E-005 0.970403 9.99549E-005 9.99549E-005
9.995E-005 9.995E-005 9.995E-005 9.995E-005 0.9994 9.995E-005 9.995E-005
9.9955E-005 0.00263191 9.9955E-005 9.9955E-005 0.996868 9.9955E-005 9.9955E-005
