9.9982E-005 9.9982E-005 0.153704 0.846096
9.9982E-005 9.9982E-005 0.165072 0.834728
0.0172115 0.224545 0.0422812 0.715962
0.00898072 0.100308 0.0383649 0.852346
0.00563364 0.0513123 0.123291 0.819763
9.9982E-005 9.9982E-005 0.10506 0.89474
9.9982E-005 9.9982E-005 0.129835 0.869965
9.999E-005 0.12713 0.160024 0.712746
0.0190694 0.0854152 0.149516 0.746
9.999E-005 0.125793 0.0980897 0.776018
0.00373769 0.00840759 0.0982788 0.889576
0.982781 0.00181826 9.99979E-005 0.0153007
0.9997 9.998E-005 9.998E-005 9.998E-005
0.931651 0.0252599 0.0310642 0.0120246
0.960951 0.017949 9.9991E-005 0.0209998
0.9997 9.998E-005 9.998E-005 9.998E-005
0.729474 0.0985896 0.0813828 0.0905538
0.9997 9.998E-005 9.998E-005 9.998E-005
0.9997 9.998E-005 9.998E-005 9.998E-005
9.9991E-005 0.828191 0.0349322 0.136777
0.0164135 0.729075 0.0896163 0.164896
0.00836248 0.77592 0.0297954 0.185922
0.00621187 0.686818 0.0448058 0.262164
0.0230736 0.719214 0.13497 0.122742
9.9991E-005 0.523843 0.0900355 0.386021
9.998E-005 9.998E-005 0.9997 9.998E-005
0.0115843 0.127398 0.85698 0.00403703
9.9982E-005 0.0020405 0.99776 9.9982E-005
0.0284045 0.115876 0.847002 0.00871781
9.9982E-005 9.9982E-005 0.1361 0.8637
0.00138238 0.0184773 0.98004 9.9991E-005
0.00209755 9.9982E-005 0.997702 9.9982E-005
0.0045058 0.0257664 0.969628 9.9991E-005
9.9982E-005 0.114526 0.885274 9.9982E-005
9.9982E-005 9.9982E-005 0.99667 0.00312996
9.9982E-005 9.9982E-005 0.551594 0.448206
0.0219911 9.9982E-005 9.9982E-005 0.977809
0.014636 0.133139 9.9991E-005 0.852125
0.00910872 0.206195 9.9991E-005 0.784596
0.0013072 0.247638 9.9991E-005 0.750955
0.0272971 0.0889806 9.9991E-005 0.883622
9.9982E-005 0.147694 9.9982E-005 0.852106
0.0177635 0.105276 9.9991E-005 0.876861
9.9982E-005 0.11458 9.9982E-005 0.88522
0.0274288 0.0727309 9.9991E-005 0.89974
9.9982E-005 0.0686736 9.9982E-005 0.931126
0.014816 0.0925771 9.9991E-005 0.892507
0.00756063 0.313934 0.231169 0.447337
0.0150441 0.408629 0.139132 0.437194
9.9991E-005 0.416894 0.150004 0.433002
9.9991E-005 0.414349 0.155908 0.429642
9.9991E-005 0.436104 0.135162 0.428634
9.9991E-005 0.433018 0.127862 0.43902
9.9991E-005 0.413257 0.131061 0.455582
0.00731532 0.287539 0.183583 0.521562
9.9991E-005 0.418534 0.133774 0.447592
9.998E-005 0.9997 9.998E-005 9.998E-005
0.0193641 0.864466 0.0559394 0.0602301
0.0105241 0.989276 9.9982E-005 9.9982E-005
9.998E-005 0.9997 9.998E-005 9.998E-005
9.998E-005 0.9997 9.998E-005 9.998E-005
0.0158154 0.983985 9.9982E-005 9.9982E-005
0.0153673 0.955266 0.029267 9.9991E-005
9.998E-005 0.9997 9.998E-005 9.998E-005
9.998E-005 0.9997 9.998E-005 9.998E-005
9.998E-005 0.9997 9.998E-005 9.998E-005
9.9982E-005 0.99312 0.00668003 9.9982E-005
