9.9964E-005 9.9964E-005 0.973873 9.9964E-005 0.008549 9.9964E-005 0.0171777
9.9982E-005 0.00233474 0.878485 0.0684796 0.00179121 9.9982E-005 0.0487092
0.069392 0.0141826 0.576914 0.00490954 0.106761 0.22774 9.9991E-005
9.9964E-005 0.00804274 0.87717 9.9964E-005 9.9964E-005 0.114387 9.9964E-005
9.99639E-005 0.00186386 0.908699 9.99639E-005 9.99639E-005 0.0890377 9.99639E-005
0.094505 9.9982E-005 0.780586 0.00201441 0.0872151 9.9982E-005 0.0354791
9.9973E-005 9.9973E-005 0.982953 9.9973E-005 0.00106179 0.0109571 0.00472768
0.0903768 9.9991E-005 0.572771 0.0348812 0.0910637 0.130819 0.0799887
0.00892205 0.0217665 0.775661 0.0161185 9.9991E-005 0.124309 0.0531227
9.9964E-005 9.9964E-005 0.81761 0.0370385 9.9964E-005 0.144952 9.9964E-005
0.029886 0.013242 0.786042 0.105208 0.0629299 9.9991E-005 0.00259205
0.0235725 0.975928 9.99551E-005 9.99551E-005 9.99551E-005 9.99551E-005 9.99551E-005
9.995E-005 0.9994 9.995E-005 9.995E-005 9.995E-005 9.995E-005 9.995E-005
9.9973E-005 0.927638 9.9973E-005 0.0299339 0.0290308 9.9973E-005 0.0130974
9.9973E-005 0.964729 0.0161387 9.9973E-005 0.0100003 0.00883243 9.9973E-005
9.995E-005 0.9994 9.995E-005 9.995E-005 9.995E-005 9.995E-005 9.995E-005
0.102533 0.726623 0.019075 0.00489748 9.9991E-005 0.0913433 0.0554284
9.995E-005 0.9994 9.995E-005 9.995E-005 9.995E-005 9.995E-005 9.995E-005
9.995E-005 0.9994 9.995E-005 9.995E-005 9.995E-005 9.995E-005 9.995E-005
0.0123484 9.9964E-005 0.170323 9.9964E-005 9.9964E-005 0.816929 9.9964E-005
9.9973E-005 0.0118188 0.208532 9.9973E-005 9.9973E-005 0.731951 0.047398
0.0581565 0.00711731 0.15986 9.9973E-005 9.9973E-005 0.774566 9.9973E-005
9.999E-005 0.00640944 0.200225 0.0842364 0.0691638 0.630038 0.00982705
0.0246846 0.0355742 0.0296526 0.154195 9.9991E-005 0.636346 0.119447
0.0349179 9.9991E-005 0.364025 0.00648527 0.0154971 0.533624 0.0453507
9.995E-005 9.995E-005 9.995E-005 9.995E-005 9.995E-005 9.995E-005 0.9994
9.9982E-005 0.00234109 0.0189792 0.0412328 9.9982E-005 0.0969192 0.840328
9.99549E-005 9.99549E-005 9.99549E-005 9.99549E-005 9.99549E-005 0.00580127 0.993699
0.0154302 0.016134 9.9982E-005 9.9982E-005 0.0158729 0.0802542 0.872109
9.9964E-005 9.9964E-005 0.89987 9.9964E-005 0.0335433 9.9964E-005 0.0661864
0.00276451 0.00405013 9.9964E-005 9.9964E-005 9.9964E-005 9.9964E-005 0.992786
9.9955E-005 9.9955E-005 9.9955E-005 9.9955E-005 0.0260158 9.9955E-005 0.973484
0.00781314 9.9973E-005 9.9973E-005 0.0232265 0.0196936 9.9973E-005 0.948967
9.9964E-005 9.9964E-005 9.9964E-005 0.0127899 9.9964E-005 0.113255 0.873555
9.9955E-005 9.9955E-005 0.04178 9.9955E-005 9.9955E-005 9.9955E-005 0.95772
0.0526034 0.000353923 0.413766 9.9982E-005 0.00598264 9.9982E-005 0.527094
0.777845 9.9964E-005 0.147186 9.9964E-005 0.0745697 9.9964E-005 9.9964E-005
0.980139 9.9955E-005 9.9955E-005 9.9955E-005 9.9955E-005 9.9955E-005 0.0193608
0.850623 9.9964E-005 9.9964E-005 9.9964E-005 0.0459525 0.103025 9.9964E-005
0.577156 0.000902877 0.0308676 0.0490836 0.189839 0.151496 0.000655844
0.657449 0.012333 0.237266 0.067267 0.025485 9.9982E-005 9.9982E-005
9.995E-005 9.995E-005 9.995E-005 9.995E-005 0.9994 9.995E-005 9.995E-005
0.995649 9.9955E-005 9.9955E-005 9.9955E-005 9.9955E-005 9.9955E-005 0.00385084
9.995E-005 9.995E-005 9.995E-005 9.995E-005 0.9994 9.995E-005 9.995E-005
0.641524 0.019418 0.299576 9.9982E-005 0.0233097 0.0159721 9.9982E-005
0.28614 9.9973E-005 0.331806 0.0250439 0.356711 9.9973E-005 9.9973E-005
0.972064 9.9955E-005 9.9955E-005 9.9955E-005 0.027436 9.9955E-005 9.9955E-005
0.0342583 0.0112375 0.384262 0.166139 9.9991E-005 0.263898 0.140105
0.00270952 0.0236028 0.208313 0.494428 0.0270065 0.199285 0.0446545
9.995E-005 9.995E-005 9.995E-005 0.9994 9.995E-005 9.995E-005 9.995E-005
9.9973E-005 9.9973E-005 0.210989 0.569776 9.9973E-005 0.185952 0.0329823
9.995E-005 9.995E-005 9.995E-005 0.9994 9.995E-005 9.995E-005 9.995E-005
9.995E-005 9.995E-005 9.995E-005 0.9994 9.995E-005 9.995E-005 9.995E-005
9.995E-005 9.995E-005 9.995E-005 0.9994 9.995E-005 9.995E-005 9.995E-005
9.9982E-005 0.0151124 0.151895 0.747388 0.0152545 9.9982E-005 0.0701501
0.0353356 9.9991E-005 0.161766 0.58642 0.0116137 0.171562 0.0332027
9.9955E-005 9.9955E-005 9.9955E-005 9.9955E-005 9.9955E-005 0.992819 0.00668142
0.0566109 0.0161011 9.9991E-005 0.0235725 0.0370971 0.821108 0.0454103
9.9964E-005 0.0119369 9.9964E-005 9.9964E-005 0.0215247 0.966139 9.9964E-005
9.995E-005 9.995E-005 9.995E-005 9.995E-005 9.995E-005 0.9994 9.995E-005
9.995E-005 9.995E-005 9.995E-005 9.995E-005 9.995E-005 0.9994 9.995E-005
9.9955E-005 0.0137867 9.9955E-005 9.9955E-005 9.9955E-005 0.985713 9.9955E-005
9.9982E-005 0.00831024 9.9982E-005 0.0262893 0.0227233 0.926168 0.0163086
9.995E-005 9.995E-005 9.995E-005 9.995E-005 9.995E-005 0.9994 9.995E-005
9.99549E-005 9.99549E-005 9.99549E-005 0.0415542 9.99549E-005 0.957946 9.99549E-005
9.995E-005 9.995E-005 9.995E-005 9.995E-005 9.995E-005 0.9994 9.995E-005
9.9955E-005 9.9955E-005 9.9955E-005 9.9955E-005 9.9955E-005 0.995878 0.00362199
