9.9964E-005 0.0366805 9.9964E-005 0.930728 9.9964E-005 0.032192 9.9964E-005
0.07568 9.9973E-005 9.9973E-005 0.868794 0.0167794 0.0384467 9.9973E-005
9.998E-005 0.0765866 0.0133416 0.607237 0.0619035 9.998E-005 0.240732
9.9964E-005 9.9964E-005 0.00529198 0.878829 9.9964E-005 9.9964E-005 0.11548
9.99639E-005 9.99639E-005 0.0056057 0.908209 9.99639E-005 9.99639E-005 0.085785
0.0155541 0.0945672 9.9982E-005 0.784334 0.0730445 0.0323 9.9982E-005
0.00732843 0.0273324 9.9973E-005 0.948331 9.9973E-005 0.0167086 9.9973E-005
0.0315766 0.0962419 9.9991E-005 0.581365 0.0717694 0.0921006 0.126847
0.0106507 9.999E-005 0.0180739 0.777696 0.0209224 0.0552375 0.11732
0.0264067 9.9964E-005 9.9964E-005 0.81128 9.9964E-005 9.9964E-005 0.161913
0.0924785 0.0905211 0.0157742 0.779648 0.0151106 9.9991E-005 0.00636798
0.00346014 9.9964E-005 0.970022 9.9964E-005 0.0261181 9.9964E-005 9.9964E-005
9.995E-005 9.995E-005 0.9994 9.995E-005 9.995E-005 9.995E-005 9.995E-005
0.0108672 0.0451104 0.916353 9.9982E-005 9.9982E-005 0.014767 0.012702
0.00573051 0.015994 0.964124 0.00690485 9.9982E-005 9.9982E-005 0.00704717
9.995E-005 9.995E-005 0.9994 9.995E-005 9.995E-005 9.995E-005 9.995E-005
0.0133905 9.999E-005 0.722487 0.0475741 0.078234 0.0634397 0.0747744
9.99549E-005 9.99549E-005 0.998985 0.000515188 9.99549E-005 9.99549E-005 9.99549E-005
9.995E-005 9.995E-005 0.9994 9.995E-005 9.995E-005 9.995E-005 9.995E-005
9.996E-005 9.996E-005 9.996E-005 0.168122 0.0006792 9.996E-005 0.830799
9.9973E-005 9.9973E-005 0.00967253 0.225589 9.9973E-005 0.0246554 0.739784
9.9973E-005 9.9973E-005 0.00338571 0.174932 0.0313269 9.9973E-005 0.790056
0.10496 0.0812006 0.00507165 0.183219 9.9982E-005 9.9982E-005 0.625349
0.167087 0.0226249 0.0343206 0.0331807 9.9991E-005 0.117349 0.625338
9.9991E-005 0.0554894 0.000341719 0.358975 0.00300497 0.0560887 0.526
9.995E-005 9.995E-005 9.995E-005 9.995E-005 9.995E-005 0.9994 9.995E-005
0.0376562 9.9982E-005 0.00744572 0.0190813 9.9982E-005 0.843766 0.0918513
9.995E-005 9.995E-005 9.995E-005 9.995E-005 9.995E-005 0.9994 9.995E-005
9.9982E-005 0.00129761 0.0298848 9.9982E-005 0.037315 0.835799 0.0955039
9.9964E-005 0.0311656 9.9964E-005 0.919197 9.9964E-005 0.0492372 9.9964E-005
0.000422136 9.9973E-005 0.00195943 9.9973E-005 0.0151903 0.982128 9.9973E-005
9.9955E-005 0.0175303 9.9955E-005 9.9955E-005 9.9955E-005 0.98197 9.9955E-005
0.0163667 0.0199922 9.9982E-005 9.9982E-005 0.011233 0.943718 0.00848972
9.9955E-005 9.9955E-005 9.9955E-005 9.9955E-005 9.9955E-005 0.884439 0.115061
9.9955E-005 9.9955E-005 9.9955E-005 0.0639333 9.9955E-005 0.935567 9.9955E-005
9.9973E-005 0.0101477 9.9973E-005 0.437203 0.0542177 0.498132 9.9973E-005
9.9964E-005 0.0878247 9.9964E-005 0.127866 0.783909 9.9964E-005 9.9964E-005
9.9955E-005 9.9955E-005 9.9955E-005 9.9955E-005 0.977176 0.0223245 9.9955E-005
9.9964E-005 0.0655469 9.9964E-005 9.9964E-005 0.8333 9.9964E-005 0.100753
0.0646652 0.217207 9.9982E-005 0.0229651 0.556989 9.9982E-005 0.137974
0.0599748 0.0176479 0.0146883 0.25519 0.652299 9.9982E-005 9.9982E-005
9.995E-005 0.9994 9.995E-005 9.995E-005 9.995E-005 9.995E-005 9.995E-005
9.995E-005 9.995E-005 9.995E-005 9.995E-005 0.9994 9.995E-005 9.995E-005
9.995E-005 0.9994 9.995E-005 9.995E-005 9.995E-005 9.995E-005 9.995E-005
9.9982E-005 0.0530567 0.0254784 0.292001 0.617555 9.9982E-005 0.0117093
0.0174359 0.329673 9.9982E-005 0.340869 0.30435 9.9982E-005 0.00747241
9.99551E-005 0.0463861 9.99551E-005 9.99551E-005 0.953114 9.99551E-005 9.99551E-005
0.178495 0.00222836 0.0154318 0.384548 0.0236052 0.148182 0.247509
0.533357 0.0527303 0.0298843 0.166586 0.000891447 0.0391285 0.177422
0.9994 9.995E-005 9.995E-005 9.995E-005 9.995E-005 9.995E-005 9.995E-005
0.587254 9.9973E-005 9.9973E-005 0.182201 9.9973E-005 0.0461572 0.184089
0.9994 9.995E-005 9.995E-005 9.995E-005 9.995E-005 9.995E-005 9.995E-005
0.9994 9.995E-005 9.995E-005 9.995E-005 9.995E-005 9.995E-005 9.995E-005
0.9994 9.995E-005 9.995E-005 9.995E-005 9.995E-005 9.995E-005 9.995E-005
0.768217 0.0360469 0.00626951 0.155454 9.9982E-005 0.0338135 9.9982E-005
0.598182 0.0299965 9.9991E-005 0.151489 0.01386 0.0261573 0.180215
9.995E-005 9.995E-005 9.995E-005 9.995E-005 9.995E-005 9.995E-005 0.9994
0.0265661 0.0300672 0.0118536 9.999E-005 0.0556463 0.061477 0.81429
0.0115564 0.0200291 0.010061 9.9973E-005 9.9973E-005 9.9973E-005 0.958054
9.995E-005 9.995E-005 9.995E-005 9.995E-005 9.995E-005 9.995E-005 0.9994
9.995E-005 9.995E-005 9.995E-005 9.995E-005 9.995E-005 9.995E-005 0.9994
9.9955E-005 9.9955E-005 0.0140844 9.9955E-005 9.9955E-005 9.9955E-005 0.985416
0.0303763 0.0151322 0.0167626 9.9991E-005 0.000595076 0.0161414 0.920892
9.995E-005 9.995E-005 9.995E-005 9.995E-005 9.995E-005 0.00137948 0.998121
0.0219477 9.99549E-005 9.99549E-005 9.99549E-005 9.99549E-005 9.99549E-005 0.977553
9.995E-005 9.995E-005 9.995E-005 9.995E-005 9.995E-005 9.995E-005 0.9994
9.9964E-005 9.9964E-005 9.9964E-005 9.9964E-005 0.0136129 0.00148369 0.984504
