0.981644 0.00537408 9.9973E-005 9.9973E-005 9.9973E-005 0.0126819
0.882103 0.084519 9.9973E-005 9.9973E-005 9.9973E-005 0.033078
0.5834 0.0181928 0.226448 0.0124472 0.159412 9.9991E-005
0.869834 9.9973E-005 0.119386 0.0104797 9.9973E-005 9.9973E-005
0.901891 9.99639E-005 0.0977089 9.99639E-005 9.99639E-005 9.99639E-005
0.819795 9.9973E-005 9.9973E-005 9.9973E-005 0.143388 0.0365172
0.97478 0.0128629 0.00276137 9.9982E-005 9.9982E-005 0.00939551
0.619879 0.0333414 0.145769 9.9991E-005 0.151641 0.0492693
0.788259 0.00194341 0.135627 0.0227217 0.00917464 0.0422744
0.808725 0.0487109 0.142264 9.9973E-005 9.9973E-005 9.9973E-005
0.819108 0.0916415 0.00163492 0.0165732 0.070942 9.9991E-005
9.9973E-005 9.9973E-005 9.9973E-005 0.977456 0.0165803 0.00566391
9.996E-005 9.996E-005 9.996E-005 0.9995 9.996E-005 9.996E-005
9.999E-005 0.021929 0.0109172 0.925769 0.00917691 0.0321076
0.0189389 0.0010942 0.00713304 0.968889 0.00384499 9.9991E-005
9.996E-005 9.996E-005 9.996E-005 0.9995 9.996E-005 9.996E-005
0.0309014 0.0142213 0.0897667 0.71939 0.095034 0.0506871
9.996E-005 9.996E-005 9.996E-005 0.9995 9.996E-005 9.996E-005
9.996E-005 9.996E-005 9.996E-005 0.9995 9.996E-005 9.996E-005
0.169122 9.9964E-005 0.830478 9.9964E-005 9.9964E-005 9.9964E-005
0.205977 9.9982E-005 0.743795 0.0144597 9.9982E-005 0.0355678
0.172531 9.9982E-005 0.778059 0.00609616 0.0431137 9.9982E-005
0.213308 0.111408 0.640742 0.00299741 0.0289489 0.00259676
0.0277398 0.188635 0.630354 0.0257908 0.0215058 0.105974
0.378131 9.9982E-005 0.536061 9.9982E-005 0.0362031 0.0494047
9.996E-005 9.996E-005 9.996E-005 9.996E-005 9.996E-005 0.9995
0.0238586 0.0398386 0.109002 0.00024577 9.9991E-005 0.826955
9.9964E-005 9.9964E-005 0.00403913 9.9964E-005 9.9964E-005 0.995561
9.9982E-005 9.9982E-005 0.0914618 0.0232195 0.0408256 0.844293
0.93334 9.99652E-005 9.99652E-005 9.99652E-005 9.99652E-005 0.0662597
9.9973E-005 9.9973E-005 0.00785934 0.00137725 9.9973E-005 0.990463
9.9964E-005 9.9964E-005 9.9964E-005 0.00205566 9.9964E-005 0.997544
9.999E-005 0.022186 0.000656508 0.00269529 0.0234801 0.950882
9.9973E-005 0.0139781 0.106444 9.9973E-005 9.9973E-005 0.879278
0.0306979 9.9964E-005 9.9964E-005 9.9964E-005 9.9964E-005 0.968902
0.421736 9.9982E-005 9.9982E-005 0.00286794 0.0643033 0.510893
0.141755 9.9964E-005 9.9964E-005 9.9964E-005 0.857845 9.9964E-005
9.9964E-005 9.9964E-005 9.9964E-005 9.9964E-005 0.946982 0.0526183
9.9964E-005 9.9964E-005 0.0902383 9.9964E-005 0.909362 9.9964E-005
0.0306345 0.0683346 0.13118 0.00139429 0.768356 9.9991E-005
0.242676 0.0679763 9.9982E-005 0.0129315 0.676217 9.9982E-005
0.194985 0.0145176 0.0572224 9.9991E-005 0.728001 0.00517331
9.9964E-005 9.9964E-005 9.9964E-005 9.9964E-005 0.965918 0.0336818
0.185934 9.9973E-005 0.0436568 9.9973E-005 0.770109 9.9973E-005
0.306925 9.9982E-005 0.0099503 0.0241946 0.658731 9.9982E-005
0.374936 0.0320375 9.9982E-005 9.9982E-005 0.578218 0.0146088
9.996E-005 9.996E-005 9.996E-005 9.996E-005 0.9995 9.996E-005
0.361633 0.188192 0.253095 0.0121927 0.0422612 0.142627
0.168702 0.563153 0.169207 0.0239973 0.0165607 0.0583811
9.996E-005 0.9995 9.996E-005 9.996E-005 9.996E-005 9.996E-005
0.171971 0.601757 0.177788 9.9982E-005 9.9982E-005 0.0482841
9.996E-005 0.9995 9.996E-005 9.996E-005 9.996E-005 9.996E-005
9.996E-005 0.9995 9.996E-005 9.996E-005 9.996E-005 9.996E-005
9.996E-005 0.9995 9.996E-005 9.996E-005 9.996E-005 9.996E-005
0.144047 0.774545 9.9991E-005 0.0110605 0.0127403 0.0575071
0.146031 0.61681 0.156306 9.9991E-005 0.039421 0.0413324
9.9964E-005 9.9964E-005 0.999008 9.9964E-005 9.9964E-005 0.00059182
9.9991E-005 0.0275249 0.818648 0.012465 0.0958129 0.0454488
0.00239297 9.9973E-005 0.983839 0.0134685 9.9973E-005 9.9973E-005
9.996E-005 9.996E-005 0.9995 9.996E-005 9.996E-005 9.996E-005
9.996E-005 9.996E-005 0.9995 9.996E-005 9.996E-005 9.996E-005
9.9964E-005 9.9964E-005 0.988358 0.011242 9.9964E-005 9.9964E-005
9.9991E-005 0.0362514 0.92679 0.0146597 0.00946856 0.0127304
9.996E-005 9.996E-005 0.9995 9.996E-005 9.996E-005 9.996E-005
9.99639E-005 0.0341333 0.965467 9.99639E-005 9.99639E-005 9.99639E-005
9.996E-005 9.996E-005 0.9995 9.996E-005 9.996E-005 9.996E-005
9.9973E-005 9.9973E-005 0.988968 9.9973E-005 0.00854847 0.00218352
