0.932957 0.0256729 0.0367244 0.00434612 9.9973E-005 9.9973E-005 9.9973E-005
0.884043 0.0107773 0.0468295 0.0549823 0.00110691 0.00216067 9.9991E-005
0.621367 0.0797611 9.9991E-005 0.000283228 0.0629122 0.0140824 0.221494
0.892406 9.9964E-005 9.9964E-005 9.9964E-005 9.9964E-005 0.00251743 0.104677
0.900404 9.99639E-005 9.99639E-005 9.99639E-005 9.99639E-005 0.00409012 0.0951061
0.792288 0.0914555 0.028059 0.0150169 0.0729807 9.9982E-005 9.9982E-005
0.947008 0.034983 0.0167817 0.000927746 9.9973E-005 9.9973E-005 9.9973E-005
0.617191 0.0868002 0.0665823 0.0313742 0.060973 9.9991E-005 0.136979
0.780064 9.9991E-005 0.0555091 0.0153663 0.0209998 0.0187071 0.109254
0.810782 9.9964E-005 9.9964E-005 0.0302272 9.9964E-005 9.9964E-005 0.15859
0.795961 0.0765345 9.9991E-005 0.0880767 0.0157784 0.0157277 0.00782151
9.9973E-005 9.9973E-005 0.00459025 9.9973E-005 0.0187257 0.975974 0.00040964
9.995E-005 9.995E-005 9.995E-005 9.995E-005 9.995E-005 0.9994 9.995E-005
9.9982E-005 0.0389337 0.00605703 0.0271148 9.9982E-005 0.921045 0.00664985
0.00187356 0.0130103 9.9982E-005 9.9982E-005 0.00465268 0.96876 0.0115032
9.995E-005 9.995E-005 9.995E-005 9.995E-005 9.995E-005 0.9994 9.995E-005
0.03273 0.0175799 0.0509542 0.0239236 0.0508209 0.735846 0.0881453
9.995E-005 9.995E-005 9.995E-005 9.995E-005 9.995E-005 0.9994 9.995E-005
9.995E-005 9.995E-005 9.995E-005 9.995E-005 9.995E-005 0.9994 9.995E-005
0.190974 9.9964E-005 9.9964E-005 9.9964E-005 0.00688642 9.9964E-005 0.801739
0.226715 9.9973E-005 0.0122967 9.9973E-005 9.9973E-005 0.00853304 0.752155
0.17115 9.9973E-005 9.9973E-005 9.9973E-005 0.043311 0.00368366 0.781555
0.171194 0.0807465 9.9982E-005 0.131068 9.9982E-005 0.00382724 0.612964
0.00913595 0.00492501 0.120627 0.164419 0.0407361 0.0330603 0.627097
0.381212 0.0159855 0.0418844 9.9991E-005 0.0108128 0.000913998 0.549091
9.995E-005 9.995E-005 0.9994 9.995E-005 9.995E-005 9.995E-005 9.995E-005
0.0182414 9.9982E-005 0.842697 0.0191327 9.9982E-005 0.00901184 0.110718
9.99549E-005 9.99549E-005 0.992601 9.99549E-005 9.99549E-005 9.99549E-005 0.00689898
9.9982E-005 0.00707464 0.856455 9.9982E-005 0.027982 0.0308579 0.0774303
0.926502 0.0429204 0.0301776 9.9964E-005 9.9964E-005 9.9964E-005 9.9964E-005
9.9964E-005 9.9964E-005 0.981061 9.9964E-005 0.00919032 0.00934862 9.9964E-005
9.9964E-005 0.0197088 0.979355 9.9964E-005 9.9964E-005 0.000536562 9.9964E-005
9.9973E-005 0.00782974 0.945978 0.0222462 0.0236458 9.9973E-005 9.9973E-005
9.9964E-005 9.9964E-005 0.879793 0.00521213 9.9964E-005 9.9964E-005 0.114595
0.0553923 9.9955E-005 0.944108 9.9955E-005 9.9955E-005 9.9955E-005 9.9955E-005
0.451335 9.99639E-005 0.502622 9.99639E-005 0.0456433 9.99639E-005 9.99639E-005
0.153455 0.0711173 9.9964E-005 9.9964E-005 0.775028 9.9964E-005 9.9964E-005
9.9955E-005 9.9955E-005 0.0293114 9.9955E-005 0.970189 9.9955E-005 9.9955E-005
9.9964E-005 0.0511745 9.9964E-005 9.9964E-005 0.85288 9.9964E-005 0.0955459
0.0528369 0.197473 0.0123837 0.0425903 0.551323 0.00232113 0.141072
0.246057 0.0356098 9.9982E-005 0.0818493 0.621505 0.014778 9.9982E-005
9.995E-005 0.9994 9.995E-005 9.995E-005 9.995E-005 9.995E-005 9.995E-005
9.9955E-005 9.9955E-005 0.00824743 9.9955E-005 0.991253 9.9955E-005 9.9955E-005
9.995E-005 0.9994 9.995E-005 9.995E-005 9.995E-005 9.995E-005 9.995E-005
0.282292 0.0386524 9.9982E-005 9.9982E-005 0.646988 0.0208927 0.0109748
0.365666 0.328649 0.0111436 0.0159361 0.270639 0.000674421 0.0072916
9.9964E-005 0.0250991 0.000680329 9.9964E-005 0.973821 9.9964E-005 9.9964E-005
0.391126 0.00133452 0.133634 0.159427 0.0235952 0.0149128 0.275971
0.211395 0.0291968 0.0309671 0.516772 9.9991E-005 0.0154693 0.196099
9.995E-005 9.995E-005 9.995E-005 0.9994 9.995E-005 9.995E-005 9.995E-005
0.215451 9.9973E-005 0.0263819 0.567228 9.9973E-005 9.9973E-005 0.190639
9.995E-005 9.995E-005 9.995E-005 0.9994 9.995E-005 9.995E-005 9.995E-005
9.995E-005 9.995E-005 9.995E-005 0.9994 9.995E-005 9.995E-005 9.995E-005
9.995E-005 9.995E-005 9.995E-005 0.9994 9.995E-005 9.995E-005 9.995E-005
0.147593 0.017747 0.0467742 0.780752 9.9982E-005 0.00693452 9.9982E-005
0.190949 9.9982E-005 0.0244372 0.588045 0.0208215 9.9982E-005 0.175547
9.9955E-005 9.9955E-005 0.0125405 9.9955E-005 9.9955E-005 9.9955E-005 0.98696
9.9991E-005 0.0319375 0.0476302 0.0450215 0.0541054 0.0121684 0.809037
9.9973E-005 0.0162912 9.9973E-005 0.0114227 9.9973E-005 0.015354 0.956632
9.995E-005 9.995E-005 9.995E-005 9.995E-005 9.995E-005 9.995E-005 0.9994
9.995E-005 9.995E-005 9.995E-005 9.995E-005 9.995E-005 9.995E-005 0.9994
9.9955E-005 9.9955E-005 9.9955E-005 9.9955E-005 9.9955E-005 0.0139459 0.985554
9.9982E-005 0.0162304 0.0184538 0.0331125 9.9982E-005 0.00794206 0.924061
9.995E-005 9.995E-005 9.995E-005 9.995E-005 9.995E-005 9.995E-005 0.9994
9.99549E-005 9.99549E-005 9.99549E-005 0.0398768 9.99549E-005 9.99549E-005 0.959623
9.995E-005 9.995E-005 9.995E-005 9.995E-005 9.995E-005 9.995E-005 0.9994
9.9973E-005 9.9973E-005 0.00119866 0.00602256 0.00258615 9.9973E-005 0.989893
