9.9982E-005 0.851108 0.148692 9.9982E-005
9.9982E-005 0.841091 0.158709 9.9982E-005
0.232427 0.698719 0.0528417 0.0160125
0.101505 0.824254 0.0621966 0.0120443
0.0604963 0.813982 0.11302 0.0125023
9.9982E-005 0.886947 0.112853 9.9982E-005
9.9982E-005 0.864421 0.135379 9.9982E-005
0.12098 0.709312 0.169608 9.9991E-005
0.0765292 0.74111 0.163979 0.0183817
0.131633 0.7825 0.0857664 9.99961E-005
0.00496634 0.874843 0.108035 0.012156
0.00302561 0.00776354 0.0107778 0.978433
9.998E-005 9.998E-005 9.998E-005 0.9997
0.0204897 0.00929669 0.0402563 0.929957
0.00752578 0.025461 9.9991E-005 0.966913
9.998E-005 9.998E-005 9.998E-005 0.9997
0.0872278 0.129089 0.0514855 0.732198
9.998E-005 9.998E-005 9.998E-005 0.9997
9.998E-005 9.998E-005 9.998E-005 0.9997
0.816685 0.153503 0.0297114 9.9991E-005
0.722881 0.161188 0.1024 0.0135316
0.7859 0.17858 0.0209079 0.0146122
0.677646 0.266834 0.046368 0.00915241
0.719832 0.1124 0.139585 0.0281826
0.533288 0.402549 0.064063 9.9991E-005
9.998E-005 9.998E-005 0.9997 9.998E-005
0.136166 0.00126957 0.852845 0.00971982
0.00597984 9.9982E-005 0.99382 9.9982E-005
0.121609 9.9991E-005 0.853222 0.0250693
9.9982E-005 0.858157 0.141643 9.9982E-005
0.0148515 9.9991E-005 0.975784 0.0092644
9.998E-005 9.998E-005 0.9997 9.998E-005
0.0245041 9.9991E-005 0.970739 0.00465657
0.108757 9.9982E-005 0.891043 9.9982E-005
0.00821644 0.00836972 0.983314 9.9991E-005
9.9982E-005 0.449054 0.550746 9.9982E-005
0.00835326 0.969775 9.9991E-005 0.0217713
0.115234 0.849886 0.0206809 0.0141994
0.202167 0.788373 9.9991E-005 0.00935961
0.257125 0.739379 9.9991E-005 0.00339555
0.0970277 0.883988 9.9991E-005 0.0188842
0.132934 0.866866 9.9982E-005 9.9982E-005
0.0985247 0.897557 9.9991E-005 0.00381804
0.103402 0.896398 9.9982E-005 9.9982E-005
0.0788511 0.893148 9.9991E-005 0.0279014
0.0722077 0.91711 0.0105823 9.9991E-005
0.111312 0.87883 9.9991E-005 0.00975854
0.320161 0.448011 0.21714 0.0146881
0.395686 0.4297 0.143115 0.031498
0.405502 0.436271 0.153474 0.00475335
0.419646 0.435398 0.144856 9.9991E-005
0.429292 0.435391 0.133083 0.00223363
0.43342 0.429302 0.137178 9.9991E-005
0.421116 0.451429 0.127355 9.9991E-005
0.287702 0.509752 0.18951 0.013036
0.428471 0.437636 0.133793 9.9991E-005
0.9997 9.998E-005 9.998E-005 9.998E-005
0.862095 0.0660739 0.0592364 0.0125951
0.983758 9.9982E-005 9.9982E-005 0.0160425
0.9997 9.998E-005 9.998E-005 9.998E-005
0.9997 9.998E-005 9.998E-005 9.998E-005
0.992618 9.9982E-005 9.9982E-005 0.00718191
0.965568 9.9991E-005 0.0230263 0.0113061
0.9997 9.998E-005 9.998E-005 9.998E-005
0.9997 9.998E-005 9.998E-005 9.998E-005
0.9997 9.998E-005 9.998E-005 9.998E-005
0.9997 9.998E-005 9.998E-005 9.998E-005
