9.9982E-005 0.768795 9.9982E-005 0.108155 0.12285
9.9982E-005 0.709291 9.9982E-005 0.150712 0.139797
0.205492 0.653785 0.0112055 0.0761001 0.0534179
0.108937 0.776643 0.0170958 0.0525872 0.0447369
0.0460315 0.764709 0.0129145 0.0709875 0.105358
9.9982E-005 0.824004 9.9982E-005 0.0894437 0.0863524
9.9982E-005 0.773645 9.9982E-005 0.125848 0.100307
0.11827 0.651331 9.9991E-005 0.0997551 0.130545
0.0646455 0.671159 0.0193461 0.0856084 0.159241
0.0732952 0.66739 0.000929557 0.188154 0.0702314
9.999E-005 0.752501 0.00890027 0.186704 0.0517946
0.00668723 9.9982E-005 0.985102 9.9982E-005 0.00801039
9.997E-005 9.997E-005 0.9996 9.997E-005 9.997E-005
0.00617328 9.9991E-005 0.935806 0.0341465 0.0237744
0.00929918 0.0219035 0.958049 0.0106478 9.9991E-005
9.997E-005 9.997E-005 0.9996 9.997E-005 9.997E-005
0.090855 0.105946 0.735652 0.0261871 0.0413597
9.997E-005 9.997E-005 0.9996 9.997E-005 9.997E-005
9.997E-005 9.997E-005 0.9996 9.997E-005 9.997E-005
0.814055 0.153711 9.9982E-005 9.9982E-005 0.0320347
0.74301 0.17427 0.0142556 9.9991E-005 0.0683645
0.779718 0.17603 0.0124845 9.9991E-005 0.0316668
0.623239 0.188392 0.0103782 0.155815 0.0221755
0.636392 0.0452456 0.0262351 0.179213 0.112914
0.517128 0.365412 0.00213635 0.0351109 0.0802126
9.997E-005 9.997E-005 9.997E-005 9.997E-005 0.9996
0.116994 9.9991E-005 0.00965278 0.0508155 0.822437
0.002332 9.9973E-005 9.9973E-005 9.9973E-005 0.997368
0.106363 0.00453344 0.0314532 9.9991E-005 0.85755
9.9982E-005 0.78851 9.9982E-005 0.0563128 0.154977
0.0173626 9.9982E-005 0.0122491 9.9982E-005 0.970188
9.997E-005 9.997E-005 9.997E-005 9.997E-005 0.9996
0.0136463 9.9991E-005 0.00250183 0.0374668 0.946285
0.0950748 9.9982E-005 9.9982E-005 0.0230772 0.881648
0.000497232 0.0130162 9.9991E-005 0.00142711 0.984959
9.9982E-005 0.426266 9.9982E-005 0.022822 0.550712
0.0385405 0.951996 0.00926336 9.9982E-005 9.9982E-005
0.120922 0.841743 0.0126168 9.9991E-005 0.024619
0.21649 0.78321 9.9973E-005 9.9973E-005 9.9973E-005
0.260886 0.723286 9.9982E-005 0.0156279 9.9982E-005
0.0787426 0.829435 0.0192361 0.0724861 9.9991E-005
0.151562 0.848138 9.9973E-005 9.9973E-005 9.9973E-005
0.116617 0.874643 0.00853992 9.9982E-005 9.9982E-005
0.122896 0.876804 9.9973E-005 9.9973E-005 9.9973E-005
0.0816251 0.887223 0.0309515 9.9982E-005 9.9982E-005
0.0773864 0.888452 9.9991E-005 0.0232309 0.0108305
0.107166 0.886653 0.00598056 9.9982E-005 9.9982E-005
0.235 0.336541 0.00909359 0.225406 0.19396
0.185231 0.145504 0.0271882 0.588722 0.0533538
9.997E-005 9.997E-005 9.997E-005 0.9996 9.997E-005
0.162727 0.127712 9.9991E-005 0.645929 0.0635321
9.997E-005 9.997E-005 9.997E-005 0.9996 9.997E-005
9.997E-005 9.997E-005 9.997E-005 0.9996 9.997E-005
9.997E-005 9.997E-005 9.997E-005 0.9996 9.997E-005
9.9991E-005 0.120373 0.00421645 0.803476 0.0718346
0.159932 0.146506 9.9991E-005 0.641324 0.0521379
0.9996 9.997E-005 9.997E-005 9.997E-005 9.997E-005
0.854963 0.0602237 0.00724038 0.0303312 0.047242
0.966171 9.9982E-005 0.0167523 0.0168766 9.9982E-005
0.9996 9.997E-005 9.997E-005 9.997E-005 9.997E-005
0.9996 9.997E-005 9.997E-005 9.997E-005 9.997E-005
0.982813 9.9973E-005 0.0168874 9.9973E-005 9.9973E-005
0.91684 9.9991E-005 0.0159246 0.0444017 0.0227342
0.996312 9.9973E-005 9.9973E-005 9.9973E-005 0.00338809
0.971534 9.9973E-005 9.9973E-005 0.0281661 9.9973E-005
0.9996 9.997E-005 9.997E-005 9.997E-005 9.997E-005
0.987715 9.9973E-005 9.9973E-005 9.9973E-005 0.0119851
