0.0209089 9.9982E-005 9.9982E-005 0.049814 0.929077
0.0279909 9.9991E-005 0.00580361 0.104894 0.861211
9.999E-005 0.199521 0.0126133 0.244315 0.543451
9.999E-005 0.0806088 0.019124 0.090432 0.809735
9.999E-005 0.05368 0.0177892 0.0889431 0.839488
0.00413665 9.9982E-005 9.9982E-005 0.266929 0.728734
9.9973E-005 9.9973E-005 9.9973E-005 0.0585021 0.941198
0.100419 0.103401 9.9991E-005 0.232754 0.563326
0.0806803 0.0644275 0.0233152 0.13489 0.696687
9.999E-005 0.127668 0.00261752 0.0606857 0.808929
9.9982E-005 9.9982E-005 0.0180623 0.15782 0.823918
0.000943435 0.0110314 0.9756 0.0123253 9.9991E-005
9.997E-005 9.997E-005 0.9996 9.997E-005 9.997E-005
0.0382216 0.0177739 0.928999 0.0149056 9.9991E-005
9.999E-005 0.0153567 0.958083 0.00189426 0.0245665
9.997E-005 9.997E-005 0.9996 9.997E-005 9.997E-005
0.0564235 0.0747972 0.734127 0.0779887 0.0566632
9.997E-005 9.997E-005 0.9996 9.997E-005 9.997E-005
9.997E-005 9.997E-005 0.9996 9.997E-005 9.997E-005
0.0147825 0.796065 9.9991E-005 0.0797838 0.109268
0.0702524 0.719242 0.0175377 0.0296108 0.163357
0.0380926 0.744845 0.0105119 0.0999844 0.106566
9.999E-005 0.670098 0.00578533 0.0692632 0.254754
0.0976645 0.707621 0.0242102 0.0315774 0.138927
0.0625367 0.497939 9.9991E-005 0.124544 0.31488
0.9996 9.997E-005 9.997E-005 9.997E-005 9.997E-005
0.838759 0.125724 9.9982E-005 9.9982E-005 0.0353179
0.9996 9.997E-005 9.997E-005 9.997E-005 9.997E-005
0.841772 0.102781 0.0228357 0.0325113 9.9991E-005
0.0145463 9.9982E-005 9.9982E-005 0.0808697 0.904384
0.985304 0.000871996 0.0056593 0.00806504 9.9991E-005
0.9996 9.997E-005 9.997E-005 9.997E-005 9.997E-005
0.968578 0.00241446 0.00227037 0.0266373 9.9991E-005
0.875543 0.124157 9.9973E-005 9.9973E-005 9.9973E-005
0.956378 9.9982E-005 0.000808425 9.9982E-005 0.0426137
0.5073 9.9982E-005 9.9982E-005 0.107066 0.385435
9.9982E-005 9.9982E-005 0.000156196 0.865711 0.133933
0.0651828 9.9973E-005 9.9973E-005 0.934517 9.9973E-005
9.9973E-005 0.0879539 9.9973E-005 0.911746 9.9973E-005
9.9982E-005 0.161917 9.9982E-005 0.76669 0.0711923
9.9991E-005 0.0177444 0.0186028 0.675735 0.287818
0.0101906 0.0540378 9.9991E-005 0.765427 0.170245
0.0322645 9.9982E-005 0.00119344 0.966342 9.9982E-005
9.9982E-005 0.0287205 9.9982E-005 0.80136 0.16972
0.0186682 9.9991E-005 0.0244617 0.693079 0.263691
0.00243904 0.00394172 9.9991E-005 0.633293 0.360226
0.0104746 9.9973E-005 9.9973E-005 0.989225 9.9973E-005
0.120425 0.313534 0.00926415 0.0477007 0.509076
9.9982E-005 0.400462 0.0151378 9.9982E-005 0.5842
9.9973E-005 0.355202 9.9973E-005 9.9973E-005 0.644499
9.9973E-005 0.391327 9.9973E-005 9.9973E-005 0.608373
9.99729E-005 0.365495 9.99729E-005 9.99729E-005 0.634205
9.9973E-005 0.358695 9.9973E-005 9.9973E-005 0.641005
9.9973E-005 0.364528 9.9973E-005 9.9973E-005 0.635172
0.0310078 0.269081 0.0053609 9.9991E-005 0.69445
9.9973E-005 0.396055 9.9973E-005 9.9973E-005 0.603645
0.00437559 0.995324 9.9973E-005 9.9973E-005 9.9973E-005
0.0602576 0.832133 0.0127918 0.0947182 9.9991E-005
0.0039548 0.975678 0.0113537 0.00891363 9.9991E-005
9.997E-005 0.9996 9.997E-005 9.997E-005 9.997E-005
9.997E-005 0.9996 9.997E-005 9.997E-005 9.997E-005
9.9973E-005 0.983491 0.0162093 9.9973E-005 9.9973E-005
0.0240625 0.932305 0.0141918 0.0293408 9.9991E-005
0.00395096 0.995749 9.9973E-005 9.9973E-005 9.9973E-005
9.9973E-005 0.999528 0.000172023 9.9973E-005 9.9973E-005
9.997E-005 0.9996 9.997E-005 9.997E-005 9.997E-005
9.9973E-005 0.98502 9.9973E-005 0.01468 9.9973E-005
