9.9964E-005 0.016345 9.9964E-005 9.9964E-005 0.764876 9.9964E-005 0.218379
9.9982E-005 0.0480895 9.9982E-005 0.0094468 0.754908 0.0472513 0.140105
0.165095 0.0257888 0.0249725 9.9991E-005 0.41615 0.148964 0.21893
0.0417577 9.9991E-005 0.0189652 0.0156633 0.668238 0.0561427 0.199133
0.0154268 0.0441524 0.0225027 9.9991E-005 0.69317 0.0586756 0.165973
9.9973E-005 0.0516008 9.9973E-005 9.9973E-005 0.571029 0.151132 0.225939
9.9964E-005 0.0124968 9.9964E-005 9.9964E-005 0.781825 9.9964E-005 0.205278
0.0671788 0.123942 9.9982E-005 9.9982E-005 0.458072 0.105093 0.245515
0.0457393 0.0932299 0.0248604 9.999E-005 0.591485 0.0837473 0.160838
0.0836589 9.9991E-005 0.00456757 0.00297112 0.728633 0.0623569 0.117712
9.99819E-005 0.0114711 0.0185587 9.99819E-005 0.676939 0.0505276 0.242304
0.0059617 0.00487044 0.959574 0.00553246 9.9991E-005 0.0214248 0.0025366
9.9955E-005 9.9955E-005 0.998263 0.00123768 9.9955E-005 9.9955E-005 9.9955E-005
0.0244842 0.0162248 0.912785 0.00651758 9.9982E-005 9.9982E-005 0.039789
0.00855392 9.9991E-005 0.95 0.00660555 0.00740366 0.00422489 0.0231118
9.995E-005 9.995E-005 0.9994 9.995E-005 9.995E-005 9.995E-005 9.995E-005
9.995E-005 9.995E-005 9.995E-005 0.9994 9.995E-005 9.995E-005 9.995E-005
9.99549E-005 9.99549E-005 0.992118 9.99549E-005 0.00738209 9.99549E-005 9.99549E-005
9.995E-005 9.995E-005 0.9994 9.995E-005 9.995E-005 9.995E-005 9.995E-005
0.782183 0.0371535 9.9973E-005 9.9973E-005 0.102396 0.0779677 9.9973E-005
0.702476 0.0757891 0.00759111 0.010022 0.136679 0.0631029 0.00433982
0.745075 0.0197309 9.9982E-005 0.014283 0.100436 0.120275 9.9982E-005
0.639531 0.0160072 0.0098339 9.9991E-005 0.219936 0.0039318 0.110659
0.669397 0.11716 0.0267138 0.00217306 0.156535 0.0279203 9.9991E-005
0.480056 0.0716115 9.9991E-005 0.0113906 0.274278 0.0408084 0.121756
9.995E-005 0.9994 9.995E-005 9.995E-005 9.995E-005 9.995E-005 9.995E-005
0.11419 0.828867 0.00700884 9.99729E-005 0.0496343 9.99729E-005 9.99729E-005
9.995E-005 0.9994 9.995E-005 9.995E-005 9.995E-005 9.995E-005 9.995E-005
0.0918067 0.841875 0.00787021 0.0187178 9.9991E-005 0.0285424 0.0110879
9.9973E-005 0.0485424 9.9973E-005 9.9973E-005 0.714153 0.00970544 0.227299
0.00350931 0.980842 0.00539827 9.9973E-005 9.9973E-005 0.00995029 9.9973E-005
9.9955E-005 0.985462 9.9955E-005 9.9955E-005 9.9955E-005 9.9955E-005 0.0140387
0.0150573 0.955379 9.9964E-005 9.9964E-005 9.9964E-005 0.0291641 9.9964E-005
0.105631 0.891658 9.9964E-005 9.9964E-005 0.00231099 9.9964E-005 9.9964E-005
0.000938369 0.960741 9.9991E-005 0.000240657 0.0337923 0.00203832 0.00214939
9.99729E-005 0.507937 9.99729E-005 9.99729E-005 0.321498 0.0856595 0.0846057
9.99639E-005 9.99639E-005 9.99639E-005 9.99639E-005 0.0998341 0.766107 0.133659
9.9955E-005 0.0174642 9.9955E-005 9.9955E-005 9.9955E-005 0.982036 9.9955E-005
0.0930422 9.9964E-005 9.9964E-005 9.9964E-005 9.9964E-005 0.841537 0.0650211
0.170876 9.9982E-005 9.9982E-005 0.0120534 0.0310828 0.56479 0.220998
0.00786935 9.998E-005 0.0139021 9.998E-005 0.235888 0.667158 0.0749822
9.995E-005 9.995E-005 9.995E-005 9.995E-005 9.995E-005 9.995E-005 0.9994
9.9955E-005 0.0169424 9.9955E-005 9.9955E-005 9.9955E-005 0.982558 9.9955E-005
9.995E-005 9.995E-005 9.995E-005 9.995E-005 9.995E-005 9.995E-005 0.9994
9.99729E-005 9.99729E-005 0.0304615 9.99729E-005 0.209281 0.653131 0.106826
9.9982E-005 0.00825523 9.9982E-005 0.0121288 0.249798 0.27183 0.457788
9.9973E-005 0.00481692 9.9973E-005 0.00203763 9.9973E-005 0.965617 0.027229
0.267196 0.130081 0.00337297 0.0194861 0.483087 0.0396065 0.0571711
0.343299 0.00410248 0.00649921 0.0133482 0.632551 9.9982E-005 9.9982E-005
0.249704 9.9964E-005 9.9964E-005 0.000159853 0.749736 9.9964E-005 9.9964E-005
0.328353 9.9955E-005 9.9955E-005 9.9955E-005 0.671147 9.9955E-005 9.9955E-005
0.278698 9.99549E-005 9.99549E-005 9.99549E-005 0.720802 9.99549E-005 9.99549E-005
0.273372 9.99549E-005 9.99549E-005 9.99549E-005 0.726128 9.99549E-005 9.99549E-005
0.260541 9.99549E-005 9.99549E-005 9.99549E-005 0.738959 9.99549E-005 9.99549E-005
0.216347 0.00013942 0.00618355 9.9973E-005 0.77703 9.9973E-005 9.9973E-005
0.33032 9.9955E-005 9.9955E-005 9.9955E-005 0.669181 9.9955E-005 9.9955E-005
0.996197 0.00330303 9.9955E-005 9.9955E-005 9.9955E-005 9.9955E-005 9.9955E-005
0.8435 0.0468514 9.998E-005 0.0134693 9.998E-005 0.0799113 0.0160678
0.958468 9.9973E-005 0.00223803 0.0190182 9.9973E-005 9.9973E-005 0.019976
0.9994 9.995E-005 9.995E-005 9.995E-005 9.995E-005 9.995E-005 9.995E-005
0.9994 9.995E-005 9.995E-005 9.995E-005 9.995E-005 9.995E-005 9.995E-005
0.984167 9.9955E-005 0.0153331 9.9955E-005 9.9955E-005 9.9955E-005 9.9955E-005
0.937985 0.0205917 0.00333356 0.0115964 9.9991E-005 0.0132104 0.0131831
0.996058 0.00343421 9.9964E-005 0.000107786 9.9964E-005 9.9964E-005 9.9964E-005
0.997097 9.99549E-005 0.00240303 9.99549E-005 9.99549E-005 9.99549E-005 9.99549E-005
0.9994 9.995E-005 9.995E-005 9.995E-005 9.995E-005 9.995E-005 9.995E-005
0.976084 0.012541 9.9964E-005 9.9964E-005 9.9964E-005 0.0109747 9.9964E-005
