0.9994 9.995E-005 9.995E-005 9.995E-005 9.995E-005 9.995E-005 9.995E-005
9.9955E-005 9.9955E-005 0.986435 0.0130656 9.9955E-005 9.9955E-005 9.9955E-005
0.101371 0.15632 0.54409 9.9982E-005 0.00823942 0.18978 9.9982E-005
9.995E-005 9.995E-005 0.9994 9.995E-005 9.995E-005 9.995E-005 9.995E-005
9.995E-005 9.995E-005 0.9994 9.995E-005 9.995E-005 9.995E-005 9.995E-005
0.496165 0.158504 0.338365 9.9982E-005 0.00299855 9.9982E-005 0.003767
0.9994 9.995E-005 9.995E-005 9.995E-005 9.995E-005 9.995E-005 9.995E-005
0.450015 0.145801 0.19062 0.0156593 9.9991E-005 0.119651 0.0781539
0.0725504 0.0109824 0.757419 0.0199039 0.0211628 0.0582235 0.0597578
0.668085 9.9982E-005 0.18434 0.0095911 0.00897554 0.128809 9.9982E-005
0.553263 0.0746413 0.295769 0.0569428 0.0191839 9.99819E-005 9.99819E-005
0.00122248 0.0171827 9.9982E-005 0.008202 0.972608 0.000584788 9.9982E-005
9.995E-005 9.995E-005 9.995E-005 9.995E-005 0.9994 9.995E-005 9.995E-005
9.9982E-005 0.00655896 9.9982E-005 0.0291362 0.928558 0.0233968 0.0121497
9.9982E-005 0.00816303 0.0159282 0.00604542 0.958058 0.0116059 9.9982E-005
9.995E-005 9.995E-005 9.995E-005 9.995E-005 0.9994 9.995E-005 9.995E-005
0.0527993 0.0606955 0.0203031 9.9991E-005 0.720799 0.0806185 0.0646845
9.99549E-005 9.99549E-005 0.000556723 9.99549E-005 0.998944 9.99549E-005 9.99549E-005
9.995E-005 9.995E-005 9.995E-005 9.995E-005 0.9994 9.995E-005 9.995E-005
9.9955E-005 9.9955E-005 0.19443 9.9955E-005 9.9955E-005 0.80507 9.9955E-005
0.0528023 9.9982E-005 0.155405 9.9982E-005 0.0157703 0.736946 0.038877
0.00130155 0.0291667 0.196921 9.9982E-005 0.00426441 0.768146 9.9982E-005
0.234137 0.0311129 9.9982E-005 0.0954416 0.00972525 0.629383 9.9982E-005
9.9991E-005 0.0321341 0.0538434 0.168351 0.0241279 0.613373 0.108071
9.9973E-005 0.0143646 0.45061 9.9973E-005 9.9973E-005 0.49586 0.0388659
9.995E-005 9.995E-005 9.995E-005 9.995E-005 9.995E-005 9.995E-005 0.9994
0.0475482 9.99729E-005 9.99729E-005 9.99729E-005 0.00168136 0.111399 0.839071
9.995E-005 9.995E-005 9.995E-005 9.995E-005 9.995E-005 9.995E-005 0.9994
9.9973E-005 0.0461819 9.9973E-005 9.9973E-005 0.022387 0.0869083 0.844223
0.622274 0.0022504 0.340141 9.9973E-005 9.9973E-005 9.9973E-005 0.0350343
9.9982E-005 0.0206994 0.0158222 0.000118045 0.00234504 9.9982E-005 0.960815
0.0121958 9.9955E-005 9.9955E-005 9.9955E-005 9.9955E-005 9.9955E-005 0.987304
9.9973E-005 0.0408455 9.9973E-005 0.0142468 9.9973E-005 0.00327406 0.941334
0.013148 9.9964E-005 9.9964E-005 9.9964E-005 9.9964E-005 0.112144 0.874308
9.9964E-005 0.00434405 0.0548731 9.9964E-005 9.9964E-005 9.9964E-005 0.940383
0.202915 0.0721247 0.226388 9.99729E-005 9.99729E-005 9.99729E-005 0.498272
0.162068 0.837432 9.99549E-005 9.99549E-005 9.99549E-005 9.99549E-005 9.99549E-005
9.9955E-005 0.935912 9.9955E-005 9.9955E-005 9.9955E-005 9.9955E-005 0.0635886
9.9955E-005 0.916667 9.9955E-005 9.9955E-005 9.9955E-005 0.0828329 9.9955E-005
9.9973E-005 0.740974 0.0752226 0.0572158 9.9973E-005 0.126288 9.9973E-005
0.178054 0.657136 0.0967861 0.0526829 0.0151404 9.9982E-005 9.9982E-005
0.231959 0.669534 0.02307 0.00680122 9.9982E-005 0.0684362 9.9982E-005
9.9964E-005 0.959413 9.9964E-005 0.0039813 9.9964E-005 9.9964E-005 0.0362058
0.200018 0.725329 0.0362747 9.9973E-005 9.9973E-005 0.0380784 9.9973E-005
0.197788 0.653632 0.115303 9.9982E-005 0.0256967 0.00737967 9.9982E-005
0.237065 0.530793 0.210393 0.0214487 9.9973E-005 9.9973E-005 9.9973E-005
9.99551E-005 0.996061 9.99551E-005 9.99551E-005 9.99551E-005 9.99551E-005 0.00343897
0.454496 0.0148054 9.9991E-005 0.102771 0.0182592 0.298384 0.111184
0.312565 0.0118697 9.9991E-005 0.410565 0.0231622 0.229794 0.0119434
9.995E-005 9.995E-005 9.995E-005 0.9994 9.995E-005 9.995E-005 9.995E-005
0.335856 9.9964E-005 9.9964E-005 0.434618 9.9964E-005 0.229127 9.9964E-005
9.995E-005 9.995E-005 9.995E-005 0.9994 9.995E-005 9.995E-005 9.995E-005
9.995E-005 9.995E-005 9.995E-005 0.9994 9.995E-005 9.995E-005 9.995E-005
9.995E-005 9.995E-005 9.995E-005 0.9994 9.995E-005 9.995E-005 9.995E-005
0.0983027 9.9982E-005 0.100301 0.730897 0.0138128 9.9982E-005 0.0564862
0.324314 9.9973E-005 9.9973E-005 0.460416 9.9973E-005 0.211647 0.00332275
0.00332518 9.9955E-005 9.9955E-005 9.9955E-005 9.9955E-005 0.996175 9.9955E-005
9.9982E-005 0.0846703 9.9982E-005 0.0549135 0.0156929 0.802897 0.0416265
9.9964E-005 9.9964E-005 9.9964E-005 0.00806928 0.0121268 0.979404 9.9964E-005
9.995E-005 9.995E-005 9.995E-005 9.995E-005 9.995E-005 0.9994 9.995E-005
9.995E-005 9.995E-005 9.995E-005 9.995E-005 9.995E-005 0.9994 9.995E-005
9.9955E-005 9.9955E-005 9.9955E-005 9.9955E-005 0.0142618 0.985238 9.9955E-005
9.9982E-005 0.00393559 9.9982E-005 0.0392349 0.0153042 0.932434 0.00889151
9.995E-005 9.995E-005 9.995E-005 9.995E-005 9.995E-005 0.9994 9.995E-005
9.99639E-005 9.99639E-005 9.99639E-005 0.0307354 0.0029393 0.965925 9.99639E-005
9.995E-005 9.995E-005 9.995E-005 9.995E-005 9.995E-005 0.9994 9.995E-005
9.9964E-005 9.9964E-005 9.9964E-005 0.0203057 9.9964E-005 0.977219 0.00207576
