0.9998 9.999E-005 9.999E-005
0.994859 9.9991E-005 0.00504118
0.752092 0.230909 0.0169989
0.884934 0.0952819 0.019784
0.894485 0.0840926 0.0214222
0.998405 9.9991E-005 0.00149537
0.9998 9.999E-005 9.999E-005
0.83586 0.16404 9.9991E-005
0.843219 0.127013 0.0297676
0.849089 0.145084 0.00582707
0.967461 0.0150429 0.017496
0.0222932 0.00281696 0.97489
9.999E-005 9.999E-005 0.9998
0.0385999 0.0369185 0.924482
0.0184465 0.0192484 0.962305
9.999E-005 9.999E-005 0.9998
0.142116 0.136134 0.72175
9.999E-005 9.999E-005 0.9998
9.999E-005 9.999E-005 0.9998
0.160683 0.839217 9.9991E-005
0.209521 0.772243 0.0182361
0.188313 0.801542 0.0101457
0.28986 0.709822 0.000317412
0.197207 0.781248 0.021545
0.437197 0.560222 0.002581
0.663876 0.336024 9.9991E-005
0.585517 0.414383 9.9991E-005
0.633322 0.366578 9.9991E-005
0.584376 0.402354 0.0132696
0.9998 9.999E-005 9.999E-005
0.648189 0.351711 9.9991E-005
0.690879 0.309021 9.9991E-005
0.657713 0.342187 9.9991E-005
0.556602 0.443298 9.9991E-005
0.67596 0.32394 9.9991E-005
0.912239 0.0876613 9.9991E-005
0.962598 0.00893466 0.0284675
0.849223 0.126053 0.0247238
0.741314 0.223964 0.0347219
0.723583 0.257635 0.0187818
0.894804 0.0760774 0.029119
0.849849 0.141195 0.00895551
0.865975 0.110092 0.0239329
0.882244 0.112751 0.00500526
0.87801 0.0804527 0.0415369
0.929032 0.065881 0.00508718
0.872466 0.103214 0.0243201
0.609617 0.382289 0.00809333
0.524444 0.449153 0.0264034
0.53336 0.455599 0.0110413
0.531177 0.468723 9.9991E-005
0.522709 0.477191 9.9991E-005
0.530601 0.469299 9.9991E-005
0.541583 0.458317 9.9991E-005
0.643746 0.348731 0.00752278
0.537673 0.462227 9.9991E-005
9.999E-005 0.9998 9.999E-005
0.0999661 0.882599 0.0174348
9.9991E-005 0.98536 0.01454
9.999E-005 0.9998 9.999E-005
9.999E-005 0.9998 9.999E-005
9.9991E-005 0.991315 0.00858457
9.9991E-005 0.977897 0.0220027
9.999E-005 0.9998 9.999E-005
9.999E-005 0.9998 9.999E-005
9.999E-005 0.9998 9.999E-005
9.999E-005 0.9998 9.999E-005
