9.999E-005 9.999E-005 0.9998
9.999E-005 0.00265985 0.99724
0.220994 0.0138751 0.765131
0.10777 0.021079 0.871152
0.087299 0.0156051 0.897096
9.999E-005 0.00151315 0.998387
9.999E-005 9.999E-005 0.9998
0.174381 9.9991E-005 0.825519
0.108435 0.0297332 0.861832
0.159466 0.00721716 0.833317
0.0241325 0.0128697 0.962998
0.00558063 0.983573 0.0108466
9.999E-005 0.9998 9.999E-005
0.0460621 0.926103 0.0278353
0.0168253 0.967904 0.0152704
9.999E-005 0.9998 9.999E-005
0.106646 0.735 0.158354
9.999E-005 0.9998 9.999E-005
9.999E-005 0.9998 9.999E-005
0.854284 9.9991E-005 0.145616
0.78351 0.0189165 0.197573
0.800954 0.00748541 0.191561
0.702487 0.0111108 0.286402
0.758874 0.0244425 0.216683
0.556151 9.9991E-005 0.443749
0.360402 9.9991E-005 0.639498
0.410121 9.9991E-005 0.589779
0.363072 9.9991E-005 0.636828
0.406847 0.0161737 0.576979
9.999E-005 9.999E-005 0.9998
0.364447 9.9991E-005 0.635453
0.310737 9.9991E-005 0.689163
0.357657 9.9991E-005 0.642243
0.44587 9.9991E-005 0.55403
0.326316 9.9991E-005 0.673584
0.092263 0.000616383 0.907121
0.00701007 0.0354914 0.957499
0.123563 0.0204444 0.855993
0.237228 0.0279983 0.734773
0.254352 0.016231 0.729417
0.0940235 0.0372258 0.868751
0.138562 0.00324828 0.858189
0.110464 0.023266 0.86627
0.127277 0.000113651 0.87261
0.0779306 0.0354481 0.886621
0.0702168 0.00252324 0.92726
0.0889236 0.0294966 0.88158
0.393984 0.0135008 0.592515
0.434153 0.0173296 0.548518
0.454369 0.00242533 0.543206
0.478523 9.9991E-005 0.521377
0.476907 0.00252984 0.520563
0.461556 9.9991E-005 0.538344
0.449872 9.9991E-005 0.550028
0.343192 0.00556358 0.651244
0.474501 9.9991E-005 0.525399
0.9998 9.999E-005 9.999E-005
0.889041 0.0128802 0.0980784
0.984445 0.0154548 9.9991E-005
0.9998 9.999E-005 9.999E-005
0.9998 9.999E-005 9.999E-005
0.986401 0.0134992 9.9991E-005
0.981791 0.0160459 0.00216314
0.9998 9.999E-005 9.999E-005
0.9998 9.999E-005 9.999E-005
0.9998 9.999E-005 9.999E-005
0.9998 9.999E-005 9.999E-005
